traject22,traject32,traject44,traject2,traject54,traject26,traject59,traject34,traject15,traject76,traject29,traject56,traject83,traject58,traject65,traject81,traject21,traject52,traject23,traject64,traject79,traject74,traject48,traject60,traject50,traject43,traject80,traject7,traject4,traject38,traject41,traject20,traject18,traject19,traject51,traject16,traject66,traject14,traject6,traject40,traject78,traject67,traject46,traject77,traject71,traject5,traject28,traject42,traject33,traject27,traject3,traject72,traject12,traject84,traject24,traject47,traject69,traject11,traject70,traject75,traject45,traject9,traject82,traject55,traject36,traject31,traject68,traject53,traject63,traject35,traject17,traject30,traject62,traject57,traject8,traject39,traject10
"{""food"":""4"",""num"":""1"",""gender"":""1"",""morph"":""2"",""xy"":[{""x"":729,""y"":807},{""x"":730,""y"":805},{""x"":730,""y"":798},{""x"":725,""y"":772},{""x"":719,""y"":720},{""x"":716,""y"":686},{""x"":714,""y"":679},{""x"":713,""y"":682},{""x"":712,""y"":684},{""x"":713,""y"":684},{""x"":713,""y"":683},{""x"":714,""y"":682},{""x"":714,""y"":680},{""x"":714,""y"":679},{""x"":711,""y"":674},{""x"":700,""y"":652},{""x"":678,""y"":609},{""x"":644,""y"":555},{""x"":570,""y"":473},{""x"":512,""y"":416},{""x"":452,""y"":356},{""x"":392,""y"":293},{""x"":342,""y"":239},{""x"":301,""y"":189},{""x"":270,""y"":150},{""x"":252,""y"":131},{""x"":249,""y"":128},{""x"":248,""y"":127},{""x"":248,""y"":128},{""x"":248,""y"":130},{""x"":248,""y"":139},{""x"":248,""y"":140},{""x"":242,""y"":132},{""x"":235,""y"":128},{""x"":226,""y"":122},{""x"":209,""y"":113},{""x"":180,""y"":98},{""x"":165,""y"":91},{""x"":148,""y"":83},{""x"":130,""y"":75},{""x"":117,""y"":68},{""x"":108,""y"":62},{""x"":103,""y"":58},{""x"":100,""y"":54},{""x"":97,""y"":49},{""x"":95,""y"":44},{""x"":92,""y"":41},{""x"":89,""y"":37},{""x"":88,""y"":36},{""x"":85,""y"":33},{""x"":84,""y"":33},{""x"":83,""y"":32},{""x"":82,""y"":32},{""x"":82,""y"":31},{""x"":82,""y"":31}],""time"":1417}","{""food"":""1"",""num"":""2"",""gender"":""0"",""morph"":""0"",""xy"":[{""x"":730,""y"":801},{""x"":730,""y"":805},{""x"":730,""y"":816},{""x"":730,""y"":816},{""x"":725,""y"":804},{""x"":723,""y"":790},{""x"":720,""y"":770},{""x"":718,""y"":742},{""x"":718,""y"":696},{""x"":719,""y"":591},{""x"":719,""y"":543},{""x"":716,""y"":497},{""x"":713,""y"":485},{""x"":710,""y"":481},{""x"":710,""y"":481},{""x"":710,""y"":480},{""x"":709,""y"":480},{""x"":707,""y"":479},{""x"":695,""y"":470},{""x"":671,""y"":455},{""x"":569,""y"":395},{""x"":492,""y"":350},{""x"":161,""y"":197},{""x"":112,""y"":199},{""x"":100,""y"":213},{""x"":100,""y"":216},{""x"":100,""y"":216},{""x"":87,""y"":201},{""x"":77,""y"":185},{""x"":71,""y"":161},{""x"":71,""y"":140},{""x"":71,""y"":125},{""x"":71,""y"":113},{""x"":71,""y"":105},{""x"":71,""y"":93},{""x"":71,""y"":89},{""x"":70,""y"":81},{""x"":70,""y"":79},{""x"":70,""y"":79},{""x"":70,""y"":79},{""x"":70,""y"":76},{""x"":70,""y"":73},{""x"":70,""y"":68},{""x"":69,""y"":65},{""x"":68,""y"":57},{""x"":68,""y"":43},{""x"":69,""y"":39},{""x"":69,""y"":36},{""x"":69,""y"":36},{""x"":69,""y"":35},{""x"":69,""y"":35}],""time"":1458}","{""food"":""3"",""num"":""3"",""gender"":""2"",""morph"":""3"",""xy"":[{""x"":749,""y"":791},{""x"":752,""y"":793},{""x"":753,""y"":797},{""x"":741,""y"":779},{""x"":713,""y"":739},{""x"":652,""y"":671},{""x"":563,""y"":584},{""x"":452,""y"":492},{""x"":341,""y"":413},{""x"":256,""y"":355},{""x"":212,""y"":329},{""x"":194,""y"":322},{""x"":192,""y"":324},{""x"":192,""y"":336},{""x"":192,""y"":343},{""x"":192,""y"":343},{""x"":189,""y"":338},{""x"":184,""y"":325},{""x"":179,""y"":303},{""x"":172,""y"":270},{""x"":169,""y"":256},{""x"":158,""y"":209},{""x"":154,""y"":193},{""x"":150,""y"":185},{""x"":147,""y"":177},{""x"":143,""y"":170},{""x"":141,""y"":166},{""x"":126,""y"":141},{""x"":107,""y"":118},{""x"":101,""y"":111},{""x"":93,""y"":102},{""x"":88,""y"":94},{""x"":82,""y"":86},{""x"":77,""y"":77},{""x"":72,""y"":69},{""x"":68,""y"":57},{""x"":66,""y"":52},{""x"":64,""y"":47},{""x"":62,""y"":44},{""x"":61,""y"":41},{""x"":60,""y"":40},{""x"":60,""y"":39}],""time"":1303}","{""food"":""2"",""num"":""3"",""gender"":""1"",""morph"":""2"",""xy"":[{""x"":737,""y"":803},{""x"":737,""y"":801},{""x"":737,""y"":791},{""x"":737,""y"":758},{""x"":734,""y"":693},{""x"":728,""y"":599},{""x"":722,""y"":511},{""x"":715,""y"":452},{""x"":713,""y"":422},{""x"":713,""y"":407},{""x"":712,""y"":404},{""x"":712,""y"":402},{""x"":712,""y"":402},{""x"":712,""y"":402},{""x"":712,""y"":402},{""x"":712,""y"":401},{""x"":712,""y"":398},{""x"":713,""y"":396},{""x"":713,""y"":394},{""x"":713,""y"":396},{""x"":713,""y"":398},{""x"":714,""y"":397},{""x"":714,""y"":396},{""x"":716,""y"":393},{""x"":717,""y"":390},{""x"":717,""y"":384},{""x"":717,""y"":383},{""x"":712,""y"":377},{""x"":700,""y"":368},{""x"":675,""y"":353},{""x"":628,""y"":328},{""x"":529,""y"":282},{""x"":398,""y"":230},{""x"":178,""y"":164},{""x"":61,""y"":125},{""x"":0,""y"":95},{""x"":0,""y"":73},{""x"":0,""y"":59},{""x"":0,""y"":51},{""x"":0,""y"":49},{""x"":0,""y"":59},{""x"":0,""y"":65},{""x"":0,""y"":64},{""x"":0,""y"":64},{""x"":0,""y"":63},{""x"":1,""y"":62},{""x"":1,""y"":62},{""x"":2,""y"":62},{""x"":2,""y"":61},{""x"":3,""y"":61},{""x"":7,""y"":60},{""x"":25,""y"":56},{""x"":40,""y"":51},{""x"":42,""y"":50},{""x"":47,""y"":49},{""x"":53,""y"":46},{""x"":55,""y"":46},{""x"":55,""y"":46},{""x"":55,""y"":46},{""x"":55,""y"":46},{""x"":55,""y"":45},{""x"":55,""y"":45},{""x"":55,""y"":45},{""x"":55,""y"":44},{""x"":55,""y"":44},{""x"":55,""y"":44},{""x"":54,""y"":44},{""x"":54,""y"":43},{""x"":53,""y"":42}],""time"":2250}","{""food"":""1"",""num"":""3"",""gender"":""1"",""morph"":""3"",""xy"":[{""x"":738,""y"":791},{""x"":738,""y"":793},{""x"":738,""y"":793},{""x"":738,""y"":795},{""x"":739,""y"":796},{""x"":739,""y"":797},{""x"":739,""y"":797},{""x"":739,""y"":797},{""x"":739,""y"":797},{""x"":739,""y"":796},{""x"":737,""y"":794},{""x"":717,""y"":756},{""x"":687,""y"":718},{""x"":649,""y"":679},{""x"":597,""y"":639},{""x"":583,""y"":632},{""x"":577,""y"":634},{""x"":577,""y"":634},{""x"":572,""y"":630},{""x"":563,""y"":620},{""x"":540,""y"":593},{""x"":507,""y"":553},{""x"":462,""y"":502},{""x"":403,""y"":442},{""x"":340,""y"":381},{""x"":251,""y"":316},{""x"":209,""y"":290},{""x"":195,""y"":282},{""x"":194,""y"":281},{""x"":226,""y"":279},{""x"":233,""y"":278},{""x"":245,""y"":275},{""x"":299,""y"":264},{""x"":438,""y"":240},{""x"":549,""y"":231},{""x"":688,""y"":224},{""x"":863,""y"":213},{""x"":931,""y"":203},{""x"":986,""y"":188},{""x"":1051,""y"":166},{""x"":1080,""y"":154},{""x"":1105,""y"":141},{""x"":1175,""y"":89},{""x"":1238,""y"":28},{""x"":1248,""y"":19},{""x"":1266,""y"":4},{""x"":1420,""y"":1},{""x"":1417,""y"":2},{""x"":1415,""y"":4},{""x"":1413,""y"":5},{""x"":1412,""y"":5},{""x"":1411,""y"":5},{""x"":1409,""y"":6},{""x"":1406,""y"":7},{""x"":1403,""y"":7},{""x"":1403,""y"":7},{""x"":1403,""y"":7},{""x"":1402,""y"":8},{""x"":1402,""y"":9},{""x"":1400,""y"":13},{""x"":1397,""y"":18},{""x"":1394,""y"":24},{""x"":1391,""y"":28},{""x"":1391,""y"":29}],""time"":1783}","{""food"":""1"",""num"":""1"",""gender"":""1"",""morph"":""3"",""xy"":[{""x"":725,""y"":794},{""x"":725,""y"":792},{""x"":725,""y"":790},{""x"":723,""y"":782},{""x"":718,""y"":768},{""x"":716,""y"":757},{""x"":715,""y"":746},{""x"":714,""y"":732},{""x"":713,""y"":713},{""x"":712,""y"":693},{""x"":711,""y"":677},{""x"":711,""y"":667},{""x"":712,""y"":662},{""x"":713,""y"":662},{""x"":713,""y"":660},{""x"":713,""y"":660},{""x"":714,""y"":658},{""x"":714,""y"":658},{""x"":716,""y"":655},{""x"":716,""y"":654},{""x"":717,""y"":652},{""x"":718,""y"":650},{""x"":718,""y"":649},{""x"":720,""y"":646},{""x"":720,""y"":644},{""x"":722,""y"":640},{""x"":723,""y"":639},{""x"":723,""y"":637},{""x"":724,""y"":636},{""x"":724,""y"":636},{""x"":724,""y"":636},{""x"":724,""y"":636},{""x"":724,""y"":635},{""x"":726,""y"":630},{""x"":729,""y"":625},{""x"":733,""y"":617},{""x"":801,""y"":526},{""x"":882,""y"":430},{""x"":962,""y"":339},{""x"":1038,""y"":258},{""x"":1116,""y"":183},{""x"":1205,""y"":129},{""x"":1272,""y"":101},{""x"":1314,""y"":83},{""x"":1339,""y"":66},{""x"":1352,""y"":54},{""x"":1361,""y"":42},{""x"":1369,""y"":30},{""x"":1376,""y"":18},{""x"":1387,""y"":6},{""x"":1405,""y"":3},{""x"":1401,""y"":13},{""x"":1395,""y"":26},{""x"":1391,""y"":31},{""x"":1388,""y"":38},{""x"":1386,""y"":44},{""x"":1386,""y"":44},{""x"":1386,""y"":44},{""x"":1385,""y"":41},{""x"":1385,""y"":41},{""x"":1382,""y"":35},{""x"":1381,""y"":31},{""x"":1381,""y"":30},{""x"":1381,""y"":30}],""time"":1489}","{""food"":""4"",""num"":""2"",""gender"":""1"",""morph"":""1"",""xy"":[{""x"":751,""y"":806},{""x"":751,""y"":806},{""x"":751,""y"":806},{""x"":750,""y"":806},{""x"":750,""y"":805},{""x"":750,""y"":804},{""x"":750,""y"":802},{""x"":751,""y"":799},{""x"":752,""y"":798},{""x"":752,""y"":798},{""x"":752,""y"":797},{""x"":752,""y"":797},{""x"":776,""y"":755},{""x"":806,""y"":697},{""x"":852,""y"":597},{""x"":931,""y"":441},{""x"":983,""y"":353},{""x"":1028,""y"":283},{""x"":1057,""y"":229},{""x"":1084,""y"":179},{""x"":1095,""y"":153},{""x"":1104,""y"":132},{""x"":1112,""y"":115},{""x"":1118,""y"":105},{""x"":1123,""y"":97},{""x"":1133,""y"":86},{""x"":1140,""y"":77},{""x"":1145,""y"":74},{""x"":1148,""y"":73},{""x"":1153,""y"":73},{""x"":1161,""y"":75},{""x"":1177,""y"":79},{""x"":1189,""y"":79},{""x"":1204,""y"":77},{""x"":1233,""y"":72},{""x"":1246,""y"":69},{""x"":1255,""y"":67},{""x"":1268,""y"":62},{""x"":1283,""y"":60},{""x"":1292,""y"":58},{""x"":1311,""y"":53},{""x"":1321,""y"":50},{""x"":1329,""y"":47},{""x"":1332,""y"":45},{""x"":1333,""y"":44},{""x"":1335,""y"":43},{""x"":1338,""y"":43},{""x"":1340,""y"":43},{""x"":1341,""y"":43},{""x"":1342,""y"":42},{""x"":1342,""y"":42},{""x"":1342,""y"":42}],""time"":1852}","{""food"":""1"",""num"":""2"",""gender"":""2"",""morph"":""1"",""xy"":[{""x"":743,""y"":790},{""x"":744,""y"":796},{""x"":745,""y"":801},{""x"":745,""y"":798},{""x"":746,""y"":793},{""x"":745,""y"":792},{""x"":737,""y"":772},{""x"":715,""y"":730},{""x"":678,""y"":664},{""x"":623,""y"":569},{""x"":546,""y"":467},{""x"":440,""y"":366},{""x"":314,""y"":273},{""x"":144,""y"":169},{""x"":84,""y"":131},{""x"":64,""y"":116},{""x"":61,""y"":113},{""x"":60,""y"":111},{""x"":60,""y"":111},{""x"":59,""y"":108},{""x"":58,""y"":107},{""x"":58,""y"":103},{""x"":58,""y"":97},{""x"":59,""y"":91},{""x"":60,""y"":87},{""x"":62,""y"":82},{""x"":64,""y"":75},{""x"":67,""y"":69},{""x"":68,""y"":63},{""x"":69,""y"":58},{""x"":69,""y"":52},{""x"":69,""y"":50},{""x"":69,""y"":49}],""time"":1132}","{""food"":""4"",""num"":""1"",""gender"":""2"",""morph"":""2"",""xy"":[{""x"":725,""y"":790},{""x"":725,""y"":790},{""x"":725,""y"":767},{""x"":727,""y"":716},{""x"":734,""y"":669},{""x"":752,""y"":593},{""x"":784,""y"":503},{""x"":814,""y"":426},{""x"":837,""y"":377},{""x"":848,""y"":358},{""x"":854,""y"":350},{""x"":855,""y"":347},{""x"":854,""y"":351},{""x"":851,""y"":360},{""x"":850,""y"":364},{""x"":847,""y"":364},{""x"":843,""y"":362},{""x"":819,""y"":351},{""x"":794,""y"":339},{""x"":722,""y"":308},{""x"":655,""y"":281},{""x"":563,""y"":249},{""x"":454,""y"":210},{""x"":289,""y"":150},{""x"":189,""y"":118},{""x"":122,""y"":97},{""x"":84,""y"":83},{""x"":74,""y"":78},{""x"":72,""y"":76},{""x"":72,""y"":76},{""x"":72,""y"":75},{""x"":71,""y"":75},{""x"":71,""y"":74},{""x"":71,""y"":74},{""x"":71,""y"":73},{""x"":71,""y"":72},{""x"":71,""y"":67},{""x"":71,""y"":62},{""x"":72,""y"":57},{""x"":72,""y"":52},{""x"":72,""y"":48},{""x"":72,""y"":42},{""x"":72,""y"":42},{""x"":72,""y"":41}],""time"":1319}","{""food"":""1"",""num"":""1"",""gender"":""1"",""morph"":""1"",""xy"":[{""x"":733,""y"":817},{""x"":733,""y"":819},{""x"":732,""y"":818},{""x"":710,""y"":785},{""x"":683,""y"":736},{""x"":637,""y"":658},{""x"":576,""y"":571},{""x"":413,""y"":394},{""x"":320,""y"":309},{""x"":233,""y"":242},{""x"":79,""y"":118},{""x"":18,""y"":45},{""x"":14,""y"":39},{""x"":8,""y"":26},{""x"":7,""y"":18},{""x"":7,""y"":14},{""x"":7,""y"":13},{""x"":7,""y"":12},{""x"":7,""y"":12},{""x"":6,""y"":11},{""x"":6,""y"":10},{""x"":6,""y"":10},{""x"":6,""y"":10},{""x"":7,""y"":11},{""x"":22,""y"":23},{""x"":72,""y"":38},{""x"":98,""y"":42},{""x"":590,""y"":143},{""x"":586,""y"":150},{""x"":584,""y"":150},{""x"":581,""y"":150},{""x"":580,""y"":150},{""x"":580,""y"":149},{""x"":581,""y"":149},{""x"":582,""y"":149},{""x"":583,""y"":149},{""x"":585,""y"":149},{""x"":589,""y"":149},{""x"":598,""y"":151},{""x"":603,""y"":152},{""x"":605,""y"":153},{""x"":605,""y"":154},{""x"":605,""y"":154},{""x"":605,""y"":154},{""x"":603,""y"":155},{""x"":603,""y"":155},{""x"":602,""y"":155},{""x"":602,""y"":155},{""x"":602,""y"":155},{""x"":604,""y"":155},{""x"":612,""y"":153},{""x"":630,""y"":153},{""x"":668,""y"":153},{""x"":718,""y"":154},{""x"":776,""y"":155},{""x"":874,""y"":155},{""x"":926,""y"":155},{""x"":966,""y"":156},{""x"":984,""y"":156},{""x"":993,""y"":154},{""x"":996,""y"":153},{""x"":998,""y"":152},{""x"":998,""y"":152},{""x"":999,""y"":151},{""x"":1000,""y"":150},{""x"":1006,""y"":147},{""x"":1016,""y"":142},{""x"":1028,""y"":136},{""x"":1053,""y"":123},{""x"":1075,""y"":114},{""x"":1104,""y"":103},{""x"":1137,""y"":96},{""x"":1163,""y"":93},{""x"":1179,""y"":90},{""x"":1190,""y"":86},{""x"":1202,""y"":82},{""x"":1207,""y"":79},{""x"":1215,""y"":77},{""x"":1225,""y"":76},{""x"":1235,""y"":74},{""x"":1247,""y"":71},{""x"":1264,""y"":64},{""x"":1275,""y"":60},{""x"":1285,""y"":57},{""x"":1293,""y"":56},{""x"":1299,""y"":54},{""x"":1305,""y"":53},{""x"":1312,""y"":51},{""x"":1319,""y"":48},{""x"":1334,""y"":42},{""x"":1340,""y"":40},{""x"":1346,""y"":38},{""x"":1347,""y"":37},{""x"":1348,""y"":37}],""time"":2255}","{""food"":""3"",""num"":""1"",""gender"":""1"",""morph"":""1"",""xy"":[{""x"":743,""y"":795},{""x"":743,""y"":793},{""x"":743,""y"":792},{""x"":743,""y"":791},{""x"":743,""y"":790},{""x"":742,""y"":790},{""x"":742,""y"":790},{""x"":741,""y"":791},{""x"":741,""y"":791},{""x"":741,""y"":790},{""x"":761,""y"":744},{""x"":835,""y"":587},{""x"":903,""y"":457},{""x"":993,""y"":315},{""x"":1042,""y"":275},{""x"":1076,""y"":260},{""x"":1101,""y"":249},{""x"":1114,""y"":241},{""x"":1123,""y"":234},{""x"":1124,""y"":232},{""x"":1124,""y"":232},{""x"":1126,""y"":230},{""x"":1128,""y"":226},{""x"":1134,""y"":219},{""x"":1142,""y"":211},{""x"":1153,""y"":202},{""x"":1161,""y"":193},{""x"":1172,""y"":180},{""x"":1185,""y"":163},{""x"":1196,""y"":146},{""x"":1211,""y"":126},{""x"":1224,""y"":111},{""x"":1253,""y"":84},{""x"":1267,""y"":69},{""x"":1270,""y"":67},{""x"":1275,""y"":62},{""x"":1278,""y"":60},{""x"":1280,""y"":58},{""x"":1285,""y"":55},{""x"":1289,""y"":52},{""x"":1293,""y"":49},{""x"":1297,""y"":45},{""x"":1300,""y"":42},{""x"":1308,""y"":38},{""x"":1328,""y"":30},{""x"":1340,""y"":25},{""x"":1350,""y"":21},{""x"":1358,""y"":18},{""x"":1361,""y"":18},{""x"":1362,""y"":18}],""time"":1474}","{""food"":""4"",""num"":""1"",""gender"":""1"",""morph"":""3"",""xy"":[{""x"":735,""y"":791},{""x"":717,""y"":778},{""x"":705,""y"":769},{""x"":682,""y"":747},{""x"":643,""y"":702},{""x"":582,""y"":636},{""x"":522,""y"":572},{""x"":471,""y"":520},{""x"":433,""y"":481},{""x"":397,""y"":441},{""x"":389,""y"":435},{""x"":388,""y"":447},{""x"":388,""y"":450},{""x"":391,""y"":448},{""x"":400,""y"":444},{""x"":420,""y"":433},{""x"":541,""y"":380},{""x"":648,""y"":331},{""x"":767,""y"":270},{""x"":879,""y"":212},{""x"":968,""y"":165},{""x"":1020,""y"":136},{""x"":1087,""y"":92},{""x"":1099,""y"":80},{""x"":1105,""y"":71},{""x"":1112,""y"":64},{""x"":1116,""y"":59},{""x"":1119,""y"":56},{""x"":1119,""y"":56},{""x"":1119,""y"":55},{""x"":1120,""y"":55},{""x"":1120,""y"":55},{""x"":1140,""y"":61},{""x"":1167,""y"":76},{""x"":1198,""y"":92},{""x"":1214,""y"":100},{""x"":1279,""y"":119},{""x"":1303,""y"":117},{""x"":1320,""y"":114},{""x"":1330,""y"":111},{""x"":1336,""y"":106},{""x"":1339,""y"":102},{""x"":1342,""y"":97},{""x"":1344,""y"":92},{""x"":1345,""y"":89},{""x"":1346,""y"":85},{""x"":1349,""y"":80},{""x"":1352,""y"":74},{""x"":1355,""y"":66},{""x"":1356,""y"":61},{""x"":1356,""y"":58},{""x"":1357,""y"":56},{""x"":1357,""y"":55},{""x"":1357,""y"":54},{""x"":1357,""y"":54},{""x"":1357,""y"":53}],""time"":1847}","{""food"":""3"",""num"":""1"",""gender"":""1"",""morph"":""3"",""xy"":[{""x"":736,""y"":793},{""x"":674,""y"":726},{""x"":604,""y"":655},{""x"":526,""y"":590},{""x"":481,""y"":571},{""x"":470,""y"":579},{""x"":470,""y"":580},{""x"":470,""y"":580},{""x"":454,""y"":565},{""x"":415,""y"":526},{""x"":379,""y"":490},{""x"":319,""y"":426},{""x"":284,""y"":380},{""x"":257,""y"":336},{""x"":238,""y"":297},{""x"":223,""y"":264},{""x"":214,""y"":241},{""x"":211,""y"":229},{""x"":210,""y"":226},{""x"":211,""y"":223},{""x"":221,""y"":215},{""x"":241,""y"":203},{""x"":275,""y"":188},{""x"":351,""y"":161},{""x"":497,""y"":137},{""x"":675,""y"":121},{""x"":922,""y"":96},{""x"":1091,""y"":71},{""x"":1264,""y"":54},{""x"":1408,""y"":47},{""x"":1439,""y"":44},{""x"":1439,""y"":41},{""x"":1439,""y"":40},{""x"":1439,""y"":39},{""x"":1439,""y"":39},{""x"":1439,""y"":39},{""x"":1438,""y"":38},{""x"":1438,""y"":38},{""x"":1438,""y"":38},{""x"":1438,""y"":37},{""x"":1438,""y"":36},{""x"":1437,""y"":35},{""x"":1437,""y"":34},{""x"":1436,""y"":32},{""x"":1433,""y"":30},{""x"":1405,""y"":30},{""x"":1383,""y"":33},{""x"":1370,""y"":34},{""x"":1362,""y"":34},{""x"":1360,""y"":34},{""x"":1359,""y"":34},{""x"":1359,""y"":34}],""time"":1434}","{""food"":""2"",""num"":""2"",""gender"":""2"",""morph"":""3"",""xy"":[{""x"":745,""y"":792},{""x"":745,""y"":791},{""x"":745,""y"":790},{""x"":745,""y"":790},{""x"":742,""y"":779},{""x"":734,""y"":765},{""x"":672,""y"":659},{""x"":604,""y"":553},{""x"":516,""y"":441},{""x"":435,""y"":348},{""x"":376,""y"":281},{""x"":293,""y"":192},{""x"":274,""y"":172},{""x"":273,""y"":170},{""x"":271,""y"":168},{""x"":271,""y"":167},{""x"":271,""y"":167},{""x"":268,""y"":166},{""x"":262,""y"":163},{""x"":258,""y"":161},{""x"":232,""y"":147},{""x"":217,""y"":140},{""x"":200,""y"":134},{""x"":192,""y"":131},{""x"":130,""y"":102},{""x"":118,""y"":95},{""x"":80,""y"":75},{""x"":69,""y"":70},{""x"":61,""y"":65},{""x"":57,""y"":63},{""x"":57,""y"":62},{""x"":54,""y"":60},{""x"":47,""y"":51},{""x"":42,""y"":46},{""x"":40,""y"":45},{""x"":39,""y"":44},{""x"":38,""y"":43},{""x"":37,""y"":42}],""time"":1194}","{""food"":""3"",""num"":""2"",""gender"":""2"",""morph"":""3"",""xy"":[{""x"":742,""y"":801},{""x"":740,""y"":798},{""x"":736,""y"":793},{""x"":723,""y"":776},{""x"":692,""y"":744},{""x"":607,""y"":654},{""x"":532,""y"":556},{""x"":460,""y"":453},{""x"":415,""y"":394},{""x"":386,""y"":360},{""x"":371,""y"":337},{""x"":359,""y"":316},{""x"":340,""y"":291},{""x"":328,""y"":280},{""x"":320,""y"":274},{""x"":273,""y"":243},{""x"":250,""y"":231},{""x"":229,""y"":221},{""x"":212,""y"":210},{""x"":200,""y"":199},{""x"":196,""y"":196},{""x"":159,""y"":168},{""x"":137,""y"":155},{""x"":107,""y"":134},{""x"":67,""y"":106},{""x"":18,""y"":77},{""x"":0,""y"":51},{""x"":0,""y"":9},{""x"":0,""y"":1},{""x"":0,""y"":1},{""x"":26,""y"":4},{""x"":32,""y"":7},{""x"":42,""y"":11},{""x"":47,""y"":13},{""x"":68,""y"":18},{""x"":69,""y"":18},{""x"":70,""y"":19},{""x"":71,""y"":19},{""x"":71,""y"":20},{""x"":71,""y"":20},{""x"":70,""y"":21},{""x"":70,""y"":21}],""time"":1527}","{""food"":""3"",""num"":""1"",""gender"":""2"",""morph"":""1"",""xy"":[{""x"":743,""y"":791},{""x"":725,""y"":771},{""x"":659,""y"":695},{""x"":541,""y"":576},{""x"":400,""y"":443},{""x"":256,""y"":323},{""x"":98,""y"":237},{""x"":63,""y"":231},{""x"":61,""y"":231},{""x"":61,""y"":231},{""x"":54,""y"":222},{""x"":44,""y"":203},{""x"":40,""y"":189},{""x"":39,""y"":179},{""x"":39,""y"":167},{""x"":39,""y"":142},{""x"":38,""y"":126},{""x"":36,""y"":115},{""x"":36,""y"":110},{""x"":36,""y"":107},{""x"":38,""y"":105},{""x"":40,""y"":100},{""x"":42,""y"":96},{""x"":44,""y"":92},{""x"":46,""y"":89},{""x"":46,""y"":87},{""x"":47,""y"":85},{""x"":50,""y"":79},{""x"":54,""y"":71},{""x"":57,""y"":63},{""x"":59,""y"":59},{""x"":60,""y"":57},{""x"":60,""y"":56},{""x"":61,""y"":55},{""x"":61,""y"":55},{""x"":61,""y"":55},{""x"":61,""y"":54},{""x"":61,""y"":53},{""x"":61,""y"":53}],""time"":1410}","{""food"":""2"",""num"":""2"",""gender"":""1"",""morph"":""3"",""xy"":[{""x"":724,""y"":782},{""x"":726,""y"":781},{""x"":729,""y"":781},{""x"":731,""y"":781},{""x"":734,""y"":781},{""x"":735,""y"":782},{""x"":736,""y"":782},{""x"":736,""y"":782},{""x"":736,""y"":782},{""x"":737,""y"":782},{""x"":738,""y"":779},{""x"":738,""y"":776},{""x"":740,""y"":769},{""x"":740,""y"":761},{""x"":740,""y"":751},{""x"":740,""y"":739},{""x"":739,""y"":725},{""x"":738,""y"":711},{""x"":738,""y"":701},{""x"":736,""y"":691},{""x"":736,""y"":687},{""x"":736,""y"":685},{""x"":735,""y"":692},{""x"":732,""y"":705},{""x"":737,""y"":694},{""x"":769,""y"":638},{""x"":852,""y"":501},{""x"":951,""y"":358},{""x"":1075,""y"":235},{""x"":1130,""y"":206},{""x"":1167,""y"":187},{""x"":1189,""y"":177},{""x"":1206,""y"":172},{""x"":1212,""y"":170},{""x"":1213,""y"":170},{""x"":1213,""y"":170},{""x"":1214,""y"":169},{""x"":1217,""y"":167},{""x"":1222,""y"":158},{""x"":1229,""y"":145},{""x"":1240,""y"":122},{""x"":1257,""y"":92},{""x"":1273,""y"":72},{""x"":1285,""y"":61},{""x"":1288,""y"":58},{""x"":1290,""y"":56},{""x"":1291,""y"":55},{""x"":1291,""y"":55},{""x"":1292,""y"":54},{""x"":1294,""y"":51},{""x"":1300,""y"":47},{""x"":1307,""y"":43},{""x"":1313,""y"":41},{""x"":1317,""y"":39},{""x"":1321,""y"":37},{""x"":1322,""y"":37},{""x"":1328,""y"":35},{""x"":1332,""y"":35},{""x"":1333,""y"":35},{""x"":1333,""y"":35},{""x"":1333,""y"":35},{""x"":1333,""y"":35}],""time"":1441}","{""food"":""2"",""num"":""1"",""gender"":""2"",""morph"":""1"",""xy"":[{""x"":742,""y"":794},{""x"":742,""y"":795},{""x"":742,""y"":795},{""x"":742,""y"":795},{""x"":741,""y"":792},{""x"":733,""y"":781},{""x"":722,""y"":764},{""x"":644,""y"":650},{""x"":549,""y"":530},{""x"":434,""y"":410},{""x"":337,""y"":315},{""x"":270,""y"":252},{""x"":225,""y"":211},{""x"":142,""y"":121},{""x"":139,""y"":117},{""x"":138,""y"":114},{""x"":131,""y"":99},{""x"":131,""y"":97},{""x"":130,""y"":94},{""x"":128,""y"":91},{""x"":126,""y"":87},{""x"":120,""y"":80},{""x"":108,""y"":69},{""x"":96,""y"":55},{""x"":91,""y"":49},{""x"":83,""y"":37},{""x"":79,""y"":30},{""x"":77,""y"":26},{""x"":71,""y"":19},{""x"":70,""y"":18},{""x"":70,""y"":17},{""x"":69,""y"":17},{""x"":69,""y"":17}],""time"":1091}","{""food"":""2"",""num"":""2"",""gender"":""0"",""morph"":""0"",""xy"":[{""x"":751,""y"":791},{""x"":752,""y"":791},{""x"":760,""y"":777},{""x"":764,""y"":768},{""x"":768,""y"":756},{""x"":778,""y"":730},{""x"":787,""y"":700},{""x"":795,""y"":661},{""x"":799,""y"":630},{""x"":799,""y"":610},{""x"":799,""y"":594},{""x"":798,""y"":579},{""x"":796,""y"":567},{""x"":793,""y"":554},{""x"":792,""y"":550},{""x"":792,""y"":548},{""x"":792,""y"":547},{""x"":792,""y"":547},{""x"":792,""y"":546},{""x"":790,""y"":545},{""x"":779,""y"":535},{""x"":737,""y"":495},{""x"":649,""y"":412},{""x"":515,""y"":294},{""x"":357,""y"":192},{""x"":192,""y"":114},{""x"":55,""y"":62},{""x"":0,""y"":30},{""x"":0,""y"":6},{""x"":0,""y"":3},{""x"":0,""y"":3},{""x"":0,""y"":4},{""x"":0,""y"":7},{""x"":0,""y"":13},{""x"":0,""y"":14},{""x"":0,""y"":14},{""x"":0,""y"":11},{""x"":0,""y"":8},{""x"":0,""y"":6},{""x"":0,""y"":6},{""x"":4,""y"":10},{""x"":8,""y"":13},{""x"":11,""y"":17},{""x"":16,""y"":21},{""x"":20,""y"":25},{""x"":25,""y"":28},{""x"":28,""y"":29},{""x"":30,""y"":30},{""x"":31,""y"":30},{""x"":32,""y"":31},{""x"":32,""y"":31},{""x"":33,""y"":32},{""x"":33,""y"":32},{""x"":33,""y"":32}],""time"":1347}","{""food"":""1"",""num"":""1"",""gender"":""2"",""morph"":""1"",""xy"":[{""x"":746,""y"":798},{""x"":745,""y"":798},{""x"":745,""y"":798},{""x"":744,""y"":798},{""x"":741,""y"":798},{""x"":737,""y"":795},{""x"":733,""y"":793},{""x"":699,""y"":750},{""x"":624,""y"":642},{""x"":556,""y"":545},{""x"":419,""y"":396},{""x"":338,""y"":321},{""x"":277,""y"":271},{""x"":229,""y"":230},{""x"":191,""y"":191},{""x"":159,""y"":152},{""x"":127,""y"":110},{""x"":122,""y"":103},{""x"":112,""y"":91},{""x"":109,""y"":86},{""x"":105,""y"":79},{""x"":99,""y"":73},{""x"":98,""y"":72},{""x"":98,""y"":72},{""x"":98,""y"":72},{""x"":97,""y"":72},{""x"":95,""y"":71},{""x"":92,""y"":69},{""x"":89,""y"":68},{""x"":88,""y"":67},{""x"":88,""y"":67},{""x"":83,""y"":63},{""x"":82,""y"":61},{""x"":81,""y"":59},{""x"":77,""y"":54},{""x"":77,""y"":54}],""time"":1334}","{""food"":""2"",""num"":""2"",""gender"":""2"",""morph"":""1"",""xy"":[{""x"":752,""y"":791},{""x"":739,""y"":772},{""x"":723,""y"":742},{""x"":697,""y"":695},{""x"":660,""y"":635},{""x"":612,""y"":563},{""x"":564,""y"":494},{""x"":505,""y"":428},{""x"":429,""y"":358},{""x"":386,""y"":318},{""x"":355,""y"":286},{""x"":330,""y"":259},{""x"":309,""y"":237},{""x"":294,""y"":220},{""x"":275,""y"":198},{""x"":264,""y"":186},{""x"":254,""y"":174},{""x"":245,""y"":163},{""x"":238,""y"":156},{""x"":230,""y"":148},{""x"":218,""y"":136},{""x"":212,""y"":130},{""x"":201,""y"":123},{""x"":190,""y"":119},{""x"":176,""y"":114},{""x"":163,""y"":108},{""x"":143,""y"":95},{""x"":130,""y"":86},{""x"":119,""y"":80},{""x"":108,""y"":76},{""x"":98,""y"":71},{""x"":87,""y"":68},{""x"":75,""y"":63},{""x"":65,""y"":60},{""x"":59,""y"":57},{""x"":58,""y"":56},{""x"":56,""y"":55},{""x"":56,""y"":54},{""x"":56,""y"":52},{""x"":56,""y"":51},{""x"":56,""y"":49},{""x"":56,""y"":48},{""x"":56,""y"":48}],""time"":1302}","{""food"":""4"",""num"":""2"",""gender"":""0"",""morph"":""0"",""xy"":[{""x"":736,""y"":795},{""x"":736,""y"":795},{""x"":736,""y"":795},{""x"":735,""y"":795},{""x"":734,""y"":794},{""x"":733,""y"":794},{""x"":732,""y"":795},{""x"":729,""y"":800},{""x"":726,""y"":806},{""x"":725,""y"":806},{""x"":722,""y"":803},{""x"":684,""y"":760},{""x"":618,""y"":684},{""x"":543,""y"":590},{""x"":455,""y"":488},{""x"":319,""y"":341},{""x"":242,""y"":261},{""x"":211,""y"":230},{""x"":115,""y"":147},{""x"":91,""y"":126},{""x"":78,""y"":114},{""x"":72,""y"":108},{""x"":71,""y"":106},{""x"":70,""y"":105},{""x"":67,""y"":103},{""x"":65,""y"":101},{""x"":64,""y"":101},{""x"":62,""y"":100},{""x"":60,""y"":98},{""x"":57,""y"":94},{""x"":52,""y"":88},{""x"":52,""y"":87},{""x"":52,""y"":87},{""x"":52,""y"":87},{""x"":52,""y"":87},{""x"":53,""y"":86},{""x"":54,""y"":85},{""x"":56,""y"":82},{""x"":60,""y"":76},{""x"":62,""y"":71},{""x"":64,""y"":64},{""x"":66,""y"":55},{""x"":67,""y"":51},{""x"":67,""y"":50},{""x"":67,""y"":49},{""x"":67,""y"":49}],""time"":1180}","{""food"":""3"",""num"":""3"",""gender"":""1"",""morph"":""3"",""xy"":[{""x"":775,""y"":722},{""x"":868,""y"":590},{""x"":986,""y"":429},{""x"":1100,""y"":299},{""x"":1194,""y"":240},{""x"":1285,""y"":217},{""x"":1319,""y"":206},{""x"":1339,""y"":196},{""x"":1349,""y"":188},{""x"":1352,""y"":182},{""x"":1355,""y"":173},{""x"":1362,""y"":155},{""x"":1374,""y"":129},{""x"":1394,""y"":86},{""x"":1403,""y"":65},{""x"":1405,""y"":52},{""x"":1406,""y"":42},{""x"":1404,""y"":37},{""x"":1403,""y"":34},{""x"":1401,""y"":31},{""x"":1401,""y"":31},{""x"":1400,""y"":31},{""x"":1399,""y"":31},{""x"":1399,""y"":31},{""x"":1399,""y"":32},{""x"":1398,""y"":32},{""x"":1397,""y"":32},{""x"":1393,""y"":35},{""x"":1391,""y"":36},{""x"":1390,""y"":36},{""x"":1390,""y"":36},{""x"":1390,""y"":36},{""x"":1389,""y"":36}],""time"":1272}","{""food"":""2"",""num"":""1"",""gender"":""0"",""morph"":""0"",""xy"":[{""x"":730,""y"":794},{""x"":729,""y"":793},{""x"":727,""y"":792},{""x"":722,""y"":790},{""x"":713,""y"":781},{""x"":712,""y"":779},{""x"":712,""y"":779},{""x"":711,""y"":780},{""x"":707,""y"":784},{""x"":707,""y"":778},{""x"":703,""y"":772},{""x"":692,""y"":758},{""x"":665,""y"":724},{""x"":625,""y"":663},{""x"":572,""y"":578},{""x"":512,""y"":486},{""x"":456,""y"":411},{""x"":287,""y"":225},{""x"":273,""y"":211},{""x"":248,""y"":190},{""x"":215,""y"":161},{""x"":200,""y"":146},{""x"":183,""y"":133},{""x"":172,""y"":127},{""x"":168,""y"":124},{""x"":148,""y"":114},{""x"":144,""y"":111},{""x"":121,""y"":93},{""x"":110,""y"":84},{""x"":101,""y"":75},{""x"":90,""y"":66},{""x"":82,""y"":62},{""x"":79,""y"":61},{""x"":74,""y"":58},{""x"":74,""y"":57},{""x"":74,""y"":56},{""x"":73,""y"":55},{""x"":72,""y"":52},{""x"":72,""y"":52},{""x"":72,""y"":52}],""time"":1062}","{""food"":""3"",""num"":""3"",""gender"":""2"",""morph"":""1"",""xy"":[{""x"":710,""y"":785},{""x"":675,""y"":734},{""x"":612,""y"":643},{""x"":467,""y"":467},{""x"":354,""y"":348},{""x"":263,""y"":274},{""x"":228,""y"":262},{""x"":224,""y"":269},{""x"":223,""y"":267},{""x"":221,""y"":260},{""x"":212,""y"":238},{""x"":202,""y"":211},{""x"":185,""y"":174},{""x"":172,""y"":157},{""x"":154,""y"":143},{""x"":136,""y"":133},{""x"":118,""y"":125},{""x"":103,""y"":118},{""x"":94,""y"":112},{""x"":86,""y"":107},{""x"":83,""y"":104},{""x"":82,""y"":101},{""x"":82,""y"":97},{""x"":82,""y"":91},{""x"":81,""y"":86},{""x"":78,""y"":79},{""x"":74,""y"":68},{""x"":73,""y"":62},{""x"":72,""y"":58},{""x"":72,""y"":56},{""x"":72,""y"":55},{""x"":72,""y"":54},{""x"":72,""y"":53},{""x"":72,""y"":53}],""time"":1512}","{""food"":""1"",""num"":""3"",""gender"":""2"",""morph"":""2"",""xy"":[{""x"":733,""y"":790},{""x"":733,""y"":790},{""x"":734,""y"":791},{""x"":734,""y"":791},{""x"":734,""y"":791},{""x"":728,""y"":781},{""x"":724,""y"":774},{""x"":720,""y"":767},{""x"":715,""y"":757},{""x"":701,""y"":732},{""x"":679,""y"":694},{""x"":644,""y"":642},{""x"":592,""y"":577},{""x"":528,""y"":499},{""x"":452,""y"":419},{""x"":343,""y"":314},{""x"":293,""y"":271},{""x"":266,""y"":248},{""x"":255,""y"":238},{""x"":252,""y"":234},{""x"":251,""y"":230},{""x"":248,""y"":222},{""x"":246,""y"":217},{""x"":245,""y"":214},{""x"":244,""y"":212},{""x"":242,""y"":210},{""x"":240,""y"":207},{""x"":237,""y"":203},{""x"":232,""y"":197},{""x"":229,""y"":192},{""x"":228,""y"":191},{""x"":228,""y"":191},{""x"":226,""y"":190},{""x"":223,""y"":186},{""x"":218,""y"":180},{""x"":211,""y"":172},{""x"":186,""y"":144},{""x"":166,""y"":123},{""x"":148,""y"":103},{""x"":134,""y"":87},{""x"":124,""y"":75},{""x"":115,""y"":65},{""x"":108,""y"":57},{""x"":103,""y"":52},{""x"":98,""y"":47},{""x"":95,""y"":42},{""x"":92,""y"":38},{""x"":88,""y"":35},{""x"":86,""y"":32},{""x"":85,""y"":32}],""time"":1249}","{""food"":""1"",""num"":""2"",""gender"":""1"",""morph"":""3"",""xy"":[{""x"":743,""y"":796},{""x"":744,""y"":796},{""x"":744,""y"":797},{""x"":744,""y"":797},{""x"":745,""y"":797},{""x"":733,""y"":775},{""x"":722,""y"":753},{""x"":673,""y"":666},{""x"":587,""y"":544},{""x"":467,""y"":416},{""x"":301,""y"":274},{""x"":224,""y"":215},{""x"":188,""y"":187},{""x"":183,""y"":180},{""x"":188,""y"":176},{""x"":209,""y"":163},{""x"":297,""y"":128},{""x"":387,""y"":94},{""x"":485,""y"":59},{""x"":581,""y"":33},{""x"":682,""y"":13},{""x"":797,""y"":1},{""x"":1350,""y"":2},{""x"":1379,""y"":26},{""x"":1403,""y"":47},{""x"":1423,""y"":63},{""x"":1433,""y"":73},{""x"":1437,""y"":79},{""x"":1436,""y"":81},{""x"":1435,""y"":83},{""x"":1433,""y"":83},{""x"":1433,""y"":83},{""x"":1430,""y"":80},{""x"":1420,""y"":72},{""x"":1409,""y"":63},{""x"":1397,""y"":54},{""x"":1385,""y"":44},{""x"":1375,""y"":35},{""x"":1372,""y"":32},{""x"":1372,""y"":32}],""time"":1425}","{""food"":""1"",""num"":""3"",""gender"":""0"",""morph"":""0"",""xy"":[{""x"":734,""y"":792},{""x"":733,""y"":791},{""x"":729,""y"":782},{""x"":730,""y"":777},{""x"":732,""y"":767},{""x"":736,""y"":755},{""x"":744,""y"":736},{""x"":754,""y"":710},{""x"":765,""y"":676},{""x"":773,""y"":640},{""x"":779,""y"":602},{""x"":782,""y"":589},{""x"":784,""y"":579},{""x"":787,""y"":564},{""x"":789,""y"":556},{""x"":789,""y"":556},{""x"":788,""y"":559},{""x"":785,""y"":564},{""x"":784,""y"":563},{""x"":779,""y"":560},{""x"":772,""y"":553},{""x"":744,""y"":524},{""x"":667,""y"":446},{""x"":605,""y"":402},{""x"":473,""y"":349},{""x"":367,""y"":307},{""x"":258,""y"":259},{""x"":159,""y"":219},{""x"":101,""y"":198},{""x"":84,""y"":190},{""x"":82,""y"":188},{""x"":82,""y"":188},{""x"":85,""y"":195},{""x"":87,""y"":202},{""x"":87,""y"":202},{""x"":87,""y"":201},{""x"":86,""y"":198},{""x"":81,""y"":181},{""x"":76,""y"":165},{""x"":70,""y"":150},{""x"":64,""y"":138},{""x"":60,""y"":131},{""x"":45,""y"":118},{""x"":35,""y"":108},{""x"":33,""y"":106},{""x"":30,""y"":104},{""x"":29,""y"":102},{""x"":27,""y"":99},{""x"":26,""y"":96},{""x"":25,""y"":93},{""x"":23,""y"":88},{""x"":22,""y"":85},{""x"":22,""y"":83},{""x"":24,""y"":80},{""x"":24,""y"":78},{""x"":29,""y"":71},{""x"":32,""y"":67},{""x"":38,""y"":63},{""x"":44,""y"":60},{""x"":50,""y"":56},{""x"":52,""y"":55},{""x"":53,""y"":55},{""x"":54,""y"":55},{""x"":54,""y"":55},{""x"":54,""y"":54},{""x"":54,""y"":54},{""x"":55,""y"":54},{""x"":55,""y"":54}],""time"":1682}","{""food"":""1"",""num"":""2"",""gender"":""1"",""morph"":""1"",""xy"":[{""x"":740,""y"":796},{""x"":738,""y"":793},{""x"":737,""y"":792},{""x"":734,""y"":782},{""x"":734,""y"":772},{""x"":733,""y"":760},{""x"":735,""y"":734},{""x"":738,""y"":707},{""x"":741,""y"":677},{""x"":744,""y"":649},{""x"":746,""y"":623},{""x"":747,""y"":608},{""x"":747,""y"":603},{""x"":747,""y"":601},{""x"":747,""y"":598},{""x"":748,""y"":596},{""x"":747,""y"":596},{""x"":745,""y"":601},{""x"":745,""y"":599},{""x"":756,""y"":578},{""x"":770,""y"":549},{""x"":840,""y"":413},{""x"":891,""y"":335},{""x"":946,""y"":277},{""x"":991,""y"":242},{""x"":1010,""y"":229},{""x"":1091,""y"":181},{""x"":1118,""y"":165},{""x"":1138,""y"":150},{""x"":1147,""y"":140},{""x"":1157,""y"":128},{""x"":1168,""y"":116},{""x"":1182,""y"":100},{""x"":1197,""y"":85},{""x"":1214,""y"":66},{""x"":1222,""y"":58},{""x"":1228,""y"":52},{""x"":1232,""y"":49},{""x"":1236,""y"":46},{""x"":1239,""y"":43},{""x"":1249,""y"":40},{""x"":1285,""y"":35},{""x"":1356,""y"":32},{""x"":1433,""y"":42},{""x"":1439,""y"":56},{""x"":1439,""y"":58},{""x"":1439,""y"":59},{""x"":1439,""y"":55},{""x"":1439,""y"":53},{""x"":1438,""y"":50},{""x"":1436,""y"":47},{""x"":1433,""y"":47},{""x"":1426,""y"":49},{""x"":1416,""y"":53},{""x"":1411,""y"":54},{""x"":1408,""y"":55},{""x"":1407,""y"":55},{""x"":1406,""y"":55},{""x"":1405,""y"":55},{""x"":1403,""y"":55},{""x"":1399,""y"":54},{""x"":1397,""y"":54},{""x"":1392,""y"":52},{""x"":1392,""y"":52},{""x"":1391,""y"":52}],""time"":1652}","{""food"":""2"",""num"":""3"",""gender"":""2"",""morph"":""2"",""xy"":[{""x"":747,""y"":790},{""x"":738,""y"":771},{""x"":720,""y"":736},{""x"":683,""y"":673},{""x"":623,""y"":570},{""x"":550,""y"":461},{""x"":431,""y"":316},{""x"":356,""y"":242},{""x"":298,""y"":194},{""x"":259,""y"":159},{""x"":236,""y"":135},{""x"":226,""y"":123},{""x"":223,""y"":118},{""x"":219,""y"":112},{""x"":215,""y"":107},{""x"":210,""y"":102},{""x"":203,""y"":96},{""x"":199,""y"":93},{""x"":198,""y"":93},{""x"":197,""y"":92},{""x"":195,""y"":90},{""x"":193,""y"":89},{""x"":186,""y"":85},{""x"":173,""y"":79},{""x"":155,""y"":71},{""x"":127,""y"":60},{""x"":84,""y"":42},{""x"":66,""y"":32},{""x"":58,""y"":27},{""x"":55,""y"":24},{""x"":54,""y"":23},{""x"":54,""y"":22},{""x"":53,""y"":22},{""x"":53,""y"":20}],""time"":1210}","{""food"":""3"",""num"":""2"",""gender"":""2"",""morph"":""1"",""xy"":[{""x"":723,""y"":792},{""x"":704,""y"":778},{""x"":666,""y"":741},{""x"":593,""y"":661},{""x"":483,""y"":541},{""x"":358,""y"":416},{""x"":220,""y"":306},{""x"":181,""y"":282},{""x"":164,""y"":269},{""x"":156,""y"":260},{""x"":152,""y"":251},{""x"":148,""y"":243},{""x"":145,""y"":238},{""x"":144,""y"":235},{""x"":139,""y"":229},{""x"":138,""y"":227},{""x"":135,""y"":224},{""x"":116,""y"":206},{""x"":96,""y"":187},{""x"":90,""y"":181},{""x"":84,""y"":174},{""x"":74,""y"":157},{""x"":67,""y"":142},{""x"":60,""y"":126},{""x"":51,""y"":104},{""x"":44,""y"":82},{""x"":37,""y"":64},{""x"":31,""y"":52},{""x"":30,""y"":51},{""x"":28,""y"":49},{""x"":28,""y"":49},{""x"":27,""y"":48}],""time"":1188}","{""food"":""4"",""num"":""2"",""gender"":""2"",""morph"":""2"",""xy"":[{""x"":748,""y"":792},{""x"":759,""y"":778},{""x"":768,""y"":766},{""x"":775,""y"":752},{""x"":784,""y"":737},{""x"":797,""y"":704},{""x"":806,""y"":681},{""x"":815,""y"":660},{""x"":821,""y"":647},{""x"":824,""y"":642},{""x"":825,""y"":640},{""x"":826,""y"":642},{""x"":826,""y"":646},{""x"":825,""y"":646},{""x"":825,""y"":646},{""x"":825,""y"":644},{""x"":825,""y"":643},{""x"":824,""y"":643},{""x"":809,""y"":630},{""x"":785,""y"":605},{""x"":727,""y"":550},{""x"":631,""y"":466},{""x"":498,""y"":363},{""x"":360,""y"":276},{""x"":229,""y"":210},{""x"":80,""y"":153},{""x"":48,""y"":145},{""x"":44,""y"":147},{""x"":48,""y"":153},{""x"":50,""y"":155},{""x"":50,""y"":154},{""x"":50,""y"":145},{""x"":49,""y"":135},{""x"":49,""y"":129},{""x"":49,""y"":125},{""x"":52,""y"":103},{""x"":55,""y"":93},{""x"":58,""y"":84},{""x"":61,""y"":72},{""x"":63,""y"":67},{""x"":65,""y"":62},{""x"":67,""y"":58},{""x"":68,""y"":55},{""x"":69,""y"":53},{""x"":70,""y"":50},{""x"":72,""y"":47},{""x"":73,""y"":45},{""x"":74,""y"":44},{""x"":74,""y"":43}],""time"":1347}","{""food"":""2"",""num"":""2"",""gender"":""1"",""morph"":""2"",""xy"":[{""x"":729,""y"":790},{""x"":729,""y"":772},{""x"":727,""y"":723},{""x"":723,""y"":671},{""x"":722,""y"":613},{""x"":722,""y"":584},{""x"":723,""y"":577},{""x"":724,""y"":575},{""x"":725,""y"":579},{""x"":725,""y"":583},{""x"":725,""y"":582},{""x"":725,""y"":580},{""x"":725,""y"":578},{""x"":725,""y"":577},{""x"":725,""y"":577},{""x"":725,""y"":576},{""x"":724,""y"":573},{""x"":721,""y"":568},{""x"":712,""y"":547},{""x"":694,""y"":523},{""x"":660,""y"":486},{""x"":598,""y"":426},{""x"":503,""y"":349},{""x"":390,""y"":286},{""x"":277,""y"":242},{""x"":163,""y"":205},{""x"":145,""y"":203},{""x"":144,""y"":212},{""x"":146,""y"":229},{""x"":142,""y"":222},{""x"":134,""y"":211},{""x"":120,""y"":181},{""x"":112,""y"":154},{""x"":110,""y"":135},{""x"":110,""y"":123},{""x"":110,""y"":118},{""x"":110,""y"":114},{""x"":108,""y"":109},{""x"":106,""y"":105},{""x"":104,""y"":100},{""x"":103,""y"":98},{""x"":99,""y"":89},{""x"":97,""y"":81},{""x"":95,""y"":72},{""x"":94,""y"":63},{""x"":92,""y"":55},{""x"":91,""y"":51},{""x"":90,""y"":48},{""x"":88,""y"":45},{""x"":86,""y"":42},{""x"":84,""y"":38},{""x"":82,""y"":34},{""x"":82,""y"":34},{""x"":82,""y"":34},{""x"":82,""y"":33}],""time"":1319}","{""food"":""3"",""num"":""3"",""gender"":""1"",""morph"":""1"",""xy"":[{""x"":728,""y"":796},{""x"":727,""y"":794},{""x"":726,""y"":794},{""x"":726,""y"":792},{""x"":725,""y"":792},{""x"":725,""y"":791},{""x"":725,""y"":790},{""x"":726,""y"":776},{""x"":750,""y"":725},{""x"":796,""y"":639},{""x"":848,""y"":540},{""x"":927,""y"":387},{""x"":947,""y"":355},{""x"":951,""y"":353},{""x"":951,""y"":358},{""x"":950,""y"":358},{""x"":950,""y"":358},{""x"":950,""y"":356},{""x"":950,""y"":355},{""x"":950,""y"":354},{""x"":950,""y"":354},{""x"":945,""y"":352},{""x"":931,""y"":349},{""x"":885,""y"":344},{""x"":812,""y"":335},{""x"":717,""y"":326},{""x"":613,""y"":314},{""x"":515,""y"":303},{""x"":389,""y"":278},{""x"":347,""y"":264},{""x"":333,""y"":259},{""x"":332,""y"":257},{""x"":332,""y"":257},{""x"":332,""y"":257},{""x"":332,""y"":257},{""x"":333,""y"":256},{""x"":333,""y"":256},{""x"":333,""y"":256},{""x"":333,""y"":256},{""x"":337,""y"":255},{""x"":349,""y"":251},{""x"":385,""y"":240},{""x"":429,""y"":232},{""x"":473,""y"":225},{""x"":495,""y"":222},{""x"":500,""y"":222},{""x"":500,""y"":222},{""x"":494,""y"":223},{""x"":485,""y"":224},{""x"":470,""y"":226},{""x"":456,""y"":226},{""x"":449,""y"":226},{""x"":446,""y"":225},{""x"":445,""y"":225},{""x"":445,""y"":225},{""x"":446,""y"":224},{""x"":447,""y"":224},{""x"":447,""y"":224},{""x"":448,""y"":223},{""x"":454,""y"":220},{""x"":461,""y"":217},{""x"":462,""y"":216},{""x"":463,""y"":216},{""x"":463,""y"":216},{""x"":463,""y"":215},{""x"":463,""y"":215},{""x"":463,""y"":216},{""x"":462,""y"":216},{""x"":461,""y"":216},{""x"":454,""y"":216},{""x"":432,""y"":215},{""x"":409,""y"":211},{""x"":375,""y"":203},{""x"":331,""y"":190},{""x"":284,""y"":175},{""x"":239,""y"":156},{""x"":185,""y"":131},{""x"":162,""y"":121},{""x"":147,""y"":114},{""x"":136,""y"":110},{""x"":128,""y"":106},{""x"":121,""y"":104},{""x"":111,""y"":101},{""x"":105,""y"":99},{""x"":100,""y"":99},{""x"":97,""y"":98},{""x"":96,""y"":98},{""x"":95,""y"":98},{""x"":95,""y"":97},{""x"":94,""y"":96},{""x"":91,""y"":88},{""x"":87,""y"":82},{""x"":79,""y"":71},{""x"":72,""y"":58},{""x"":65,""y"":46},{""x"":61,""y"":38},{""x"":60,""y"":34},{""x"":60,""y"":34},{""x"":60,""y"":34}],""time"":2852}","{""food"":""3"",""num"":""2"",""gender"":""1"",""morph"":""1"",""xy"":[{""x"":731,""y"":791},{""x"":731,""y"":791},{""x"":730,""y"":791},{""x"":730,""y"":790},{""x"":731,""y"":790},{""x"":732,""y"":790},{""x"":732,""y"":790},{""x"":733,""y"":791},{""x"":733,""y"":791},{""x"":732,""y"":790},{""x"":723,""y"":778},{""x"":666,""y"":669},{""x"":613,""y"":574},{""x"":527,""y"":443},{""x"":417,""y"":306},{""x"":362,""y"":248},{""x"":42,""y"":4},{""x"":49,""y"":18},{""x"":62,""y"":43},{""x"":72,""y"":56},{""x"":77,""y"":60},{""x"":78,""y"":60},{""x"":78,""y"":60},{""x"":78,""y"":59},{""x"":78,""y"":57},{""x"":77,""y"":57},{""x"":77,""y"":56},{""x"":76,""y"":55},{""x"":74,""y"":51},{""x"":70,""y"":44},{""x"":67,""y"":38},{""x"":66,""y"":35},{""x"":66,""y"":35},{""x"":66,""y"":35}],""time"":1542}","{""food"":""3"",""num"":""2"",""gender"":""0"",""morph"":""0"",""xy"":[{""x"":752,""y"":796},{""x"":757,""y"":782},{""x"":767,""y"":735},{""x"":773,""y"":680},{""x"":778,""y"":615},{""x"":778,""y"":567},{""x"":777,""y"":541},{""x"":776,""y"":528},{""x"":775,""y"":522},{""x"":775,""y"":521},{""x"":774,""y"":521},{""x"":774,""y"":521},{""x"":774,""y"":519},{""x"":774,""y"":518},{""x"":774,""y"":503},{""x"":771,""y"":486},{""x"":763,""y"":466},{""x"":753,""y"":445},{""x"":750,""y"":438},{""x"":749,""y"":437},{""x"":748,""y"":440},{""x"":747,""y"":448},{""x"":747,""y"":451},{""x"":746,""y"":451},{""x"":737,""y"":447},{""x"":728,""y"":442},{""x"":709,""y"":429},{""x"":681,""y"":412},{""x"":631,""y"":387},{""x"":546,""y"":347},{""x"":394,""y"":290},{""x"":311,""y"":263},{""x"":251,""y"":244},{""x"":215,""y"":229},{""x"":201,""y"":219},{""x"":200,""y"":215},{""x"":204,""y"":218},{""x"":215,""y"":231},{""x"":215,""y"":230},{""x"":212,""y"":221},{""x"":209,""y"":209},{""x"":206,""y"":196},{""x"":203,""y"":188},{""x"":182,""y"":132},{""x"":145,""y"":89},{""x"":132,""y"":78},{""x"":123,""y"":71},{""x"":112,""y"":63},{""x"":103,""y"":56},{""x"":95,""y"":51},{""x"":88,""y"":46},{""x"":84,""y"":42},{""x"":79,""y"":37},{""x"":74,""y"":31},{""x"":68,""y"":23},{""x"":66,""y"":21},{""x"":65,""y"":21},{""x"":64,""y"":23},{""x"":67,""y"":35},{""x"":69,""y"":41},{""x"":70,""y"":45},{""x"":70,""y"":46},{""x"":70,""y"":47},{""x"":70,""y"":47}],""time"":1682}","{""food"":""4"",""num"":""1"",""gender"":""1"",""morph"":""1"",""xy"":[{""x"":750,""y"":790},{""x"":749,""y"":790},{""x"":748,""y"":792},{""x"":747,""y"":792},{""x"":746,""y"":795},{""x"":745,""y"":796},{""x"":745,""y"":795},{""x"":745,""y"":795},{""x"":745,""y"":795},{""x"":744,""y"":794},{""x"":744,""y"":794},{""x"":743,""y"":794},{""x"":743,""y"":794},{""x"":742,""y"":795},{""x"":742,""y"":795},{""x"":741,""y"":795},{""x"":741,""y"":795},{""x"":741,""y"":795},{""x"":741,""y"":795},{""x"":747,""y"":780},{""x"":752,""y"":771},{""x"":779,""y"":732},{""x"":815,""y"":673},{""x"":858,""y"":601},{""x"":893,""y"":541},{""x"":929,""y"":494},{""x"":954,""y"":466},{""x"":972,""y"":446},{""x"":1001,""y"":413},{""x"":1030,""y"":380},{""x"":1048,""y"":360},{""x"":1058,""y"":348},{""x"":1092,""y"":313},{""x"":1117,""y"":291},{""x"":1124,""y"":286},{""x"":1140,""y"":272},{""x"":1159,""y"":256},{""x"":1170,""y"":247},{""x"":1207,""y"":216},{""x"":1248,""y"":176},{""x"":1253,""y"":171},{""x"":1259,""y"":165},{""x"":1262,""y"":162},{""x"":1263,""y"":160},{""x"":1263,""y"":160},{""x"":1269,""y"":158},{""x"":1271,""y"":158},{""x"":1271,""y"":157},{""x"":1277,""y"":152},{""x"":1286,""y"":136},{""x"":1294,""y"":120},{""x"":1300,""y"":105},{""x"":1303,""y"":98},{""x"":1305,""y"":93},{""x"":1310,""y"":84},{""x"":1315,""y"":75},{""x"":1319,""y"":69},{""x"":1322,""y"":66},{""x"":1323,""y"":65},{""x"":1323,""y"":64},{""x"":1324,""y"":64},{""x"":1325,""y"":63},{""x"":1329,""y"":60},{""x"":1332,""y"":57},{""x"":1336,""y"":55},{""x"":1341,""y"":53},{""x"":1343,""y"":52},{""x"":1346,""y"":50},{""x"":1348,""y"":47},{""x"":1350,""y"":46},{""x"":1352,""y"":44},{""x"":1353,""y"":43},{""x"":1354,""y"":41},{""x"":1355,""y"":41},{""x"":1356,""y"":40},{""x"":1356,""y"":40},{""x"":1357,""y"":39},{""x"":1359,""y"":37},{""x"":1360,""y"":36},{""x"":1360,""y"":36},{""x"":1362,""y"":34},{""x"":1362,""y"":34},{""x"":1363,""y"":32},{""x"":1364,""y"":31},{""x"":1364,""y"":31},{""x"":1365,""y"":30},{""x"":1365,""y"":30},{""x"":1364,""y"":31},{""x"":1364,""y"":31},{""x"":1363,""y"":32},{""x"":1363,""y"":32},{""x"":1363,""y"":32}],""time"":2412}","{""food"":""2"",""num"":""1"",""gender"":""1"",""morph"":""2"",""xy"":[{""x"":738,""y"":799},{""x"":738,""y"":798},{""x"":737,""y"":795},{""x"":733,""y"":774},{""x"":730,""y"":743},{""x"":727,""y"":692},{""x"":723,""y"":632},{""x"":722,""y"":577},{""x"":721,""y"":546},{""x"":720,""y"":532},{""x"":720,""y"":527},{""x"":721,""y"":523},{""x"":721,""y"":522},{""x"":721,""y"":522},{""x"":721,""y"":521},{""x"":713,""y"":515},{""x"":689,""y"":493},{""x"":651,""y"":461},{""x"":592,""y"":422},{""x"":504,""y"":372},{""x"":407,""y"":324},{""x"":314,""y"":278},{""x"":222,""y"":227},{""x"":98,""y"":164},{""x"":86,""y"":161},{""x"":86,""y"":167},{""x"":86,""y"":179},{""x"":86,""y"":178},{""x"":85,""y"":175},{""x"":84,""y"":172},{""x"":83,""y"":170},{""x"":82,""y"":164},{""x"":82,""y"":147},{""x"":82,""y"":137},{""x"":81,""y"":130},{""x"":81,""y"":122},{""x"":81,""y"":110},{""x"":81,""y"":99},{""x"":80,""y"":91},{""x"":79,""y"":82},{""x"":78,""y"":78},{""x"":76,""y"":73},{""x"":75,""y"":70},{""x"":74,""y"":68},{""x"":73,""y"":66},{""x"":73,""y"":65},{""x"":72,""y"":65},{""x"":72,""y"":65},{""x"":72,""y"":65},{""x"":72,""y"":64},{""x"":72,""y"":60},{""x"":72,""y"":57},{""x"":71,""y"":54},{""x"":71,""y"":50},{""x"":71,""y"":50},{""x"":71,""y"":49},{""x"":71,""y"":50},{""x"":72,""y"":50},{""x"":74,""y"":51},{""x"":77,""y"":52},{""x"":79,""y"":52},{""x"":80,""y"":53},{""x"":80,""y"":53},{""x"":80,""y"":53}],""time"":1706}","{""food"":""4"",""num"":""1"",""gender"":""2"",""morph"":""3"",""xy"":[{""x"":743,""y"":796},{""x"":743,""y"":795},{""x"":755,""y"":768},{""x"":765,""y"":739},{""x"":770,""y"":724},{""x"":791,""y"":649},{""x"":796,""y"":619},{""x"":797,""y"":609},{""x"":797,""y"":602},{""x"":797,""y"":600},{""x"":797,""y"":598},{""x"":797,""y"":598},{""x"":797,""y"":598},{""x"":797,""y"":599},{""x"":797,""y"":602},{""x"":793,""y"":599},{""x"":778,""y"":587},{""x"":682,""y"":505},{""x"":576,""y"":410},{""x"":459,""y"":323},{""x"":350,""y"":256},{""x"":247,""y"":196},{""x"":150,""y"":141},{""x"":61,""y"":98},{""x"":0,""y"":75},{""x"":0,""y"":62},{""x"":0,""y"":71},{""x"":0,""y"":70},{""x"":0,""y"":70},{""x"":0,""y"":69},{""x"":1,""y"":66},{""x"":6,""y"":61},{""x"":11,""y"":57},{""x"":16,""y"":55},{""x"":22,""y"":53},{""x"":30,""y"":49},{""x"":34,""y"":46},{""x"":36,""y"":43},{""x"":40,""y"":41},{""x"":42,""y"":40},{""x"":44,""y"":39},{""x"":44,""y"":39},{""x"":44,""y"":39}],""time"":1404}","{""food"":""2"",""num"":""3"",""gender"":""2"",""morph"":""3"",""xy"":[{""x"":747,""y"":793},{""x"":746,""y"":793},{""x"":745,""y"":792},{""x"":745,""y"":792},{""x"":745,""y"":792},{""x"":745,""y"":791},{""x"":745,""y"":790},{""x"":743,""y"":775},{""x"":727,""y"":705},{""x"":683,""y"":611},{""x"":613,""y"":519},{""x"":504,""y"":429},{""x"":393,""y"":383},{""x"":325,""y"":381},{""x"":324,""y"":381},{""x"":321,""y"":378},{""x"":309,""y"":364},{""x"":281,""y"":312},{""x"":261,""y"":274},{""x"":247,""y"":246},{""x"":237,""y"":229},{""x"":224,""y"":203},{""x"":216,""y"":190},{""x"":207,""y"":180},{""x"":199,""y"":173},{""x"":197,""y"":171},{""x"":195,""y"":168},{""x"":193,""y"":166},{""x"":187,""y"":160},{""x"":182,""y"":156},{""x"":170,""y"":147},{""x"":158,""y"":140},{""x"":137,""y"":128},{""x"":113,""y"":117},{""x"":97,""y"":106},{""x"":87,""y"":89},{""x"":87,""y"":85},{""x"":86,""y"":69},{""x"":86,""y"":65},{""x"":86,""y"":63},{""x"":86,""y"":61},{""x"":86,""y"":61},{""x"":87,""y"":61},{""x"":87,""y"":58},{""x"":87,""y"":56},{""x"":87,""y"":54},{""x"":87,""y"":48},{""x"":87,""y"":41},{""x"":87,""y"":39},{""x"":84,""y"":34},{""x"":84,""y"":34},{""x"":84,""y"":34}],""time"":1464}","{""food"":""2"",""num"":""1"",""gender"":""1"",""morph"":""3"",""xy"":[{""x"":745,""y"":796},{""x"":745,""y"":797},{""x"":742,""y"":806},{""x"":742,""y"":807},{""x"":741,""y"":806},{""x"":741,""y"":806},{""x"":740,""y"":804},{""x"":735,""y"":797},{""x"":728,""y"":781},{""x"":712,""y"":747},{""x"":681,""y"":692},{""x"":602,""y"":574},{""x"":526,""y"":491},{""x"":453,""y"":417},{""x"":385,""y"":353},{""x"":327,""y"":307},{""x"":286,""y"":279},{""x"":262,""y"":266},{""x"":253,""y"":263},{""x"":259,""y"":262},{""x"":279,""y"":257},{""x"":317,""y"":251},{""x"":538,""y"":212},{""x"":728,""y"":173},{""x"":901,""y"":142},{""x"":1052,""y"":112},{""x"":1168,""y"":84},{""x"":1240,""y"":67},{""x"":1297,""y"":50},{""x"":1312,""y"":43},{""x"":1321,""y"":39},{""x"":1326,""y"":36},{""x"":1328,""y"":35},{""x"":1329,""y"":34},{""x"":1336,""y"":31},{""x"":1341,""y"":28},{""x"":1351,""y"":24},{""x"":1358,""y"":19},{""x"":1362,""y"":16},{""x"":1363,""y"":15},{""x"":1363,""y"":15},{""x"":1363,""y"":15},{""x"":1363,""y"":15},{""x"":1364,""y"":15},{""x"":1364,""y"":15}],""time"":1225}","{""food"":""2"",""num"":""3"",""gender"":""0"",""morph"":""0"",""xy"":[{""x"":733,""y"":802},{""x"":732,""y"":801},{""x"":727,""y"":797},{""x"":686,""y"":755},{""x"":549,""y"":609},{""x"":453,""y"":507},{""x"":343,""y"":400},{""x"":152,""y"":219},{""x"":17,""y"":100},{""x"":0,""y"":28},{""x"":0,""y"":26},{""x"":0,""y"":23},{""x"":0,""y"":21},{""x"":0,""y"":18},{""x"":0,""y"":15},{""x"":0,""y"":11},{""x"":0,""y"":6},{""x"":0,""y"":3},{""x"":0,""y"":2},{""x"":5,""y"":3},{""x"":5,""y"":3},{""x"":10,""y"":8},{""x"":35,""y"":29},{""x"":41,""y"":34},{""x"":43,""y"":36},{""x"":52,""y"":45},{""x"":53,""y"":47},{""x"":53,""y"":47},{""x"":53,""y"":45},{""x"":53,""y"":45},{""x"":53,""y"":44}],""time"":1107}","{""food"":""2"",""num"":""3"",""gender"":""1"",""morph"":""3"",""xy"":[{""x"":729,""y"":792},{""x"":729,""y"":790},{""x"":729,""y"":780},{""x"":729,""y"":778},{""x"":729,""y"":775},{""x"":727,""y"":768},{""x"":721,""y"":758},{""x"":706,""y"":733},{""x"":652,""y"":656},{""x"":597,""y"":595},{""x"":530,""y"":530},{""x"":462,""y"":470},{""x"":362,""y"":386},{""x"":293,""y"":325},{""x"":236,""y"":277},{""x"":207,""y"":249},{""x"":200,""y"":243},{""x"":199,""y"":248},{""x"":199,""y"":251},{""x"":197,""y"":249},{""x"":191,""y"":244},{""x"":182,""y"":234},{""x"":179,""y"":227},{""x"":177,""y"":220},{""x"":175,""y"":204},{""x"":166,""y"":172},{""x"":164,""y"":161},{""x"":165,""y"":154},{""x"":172,""y"":147},{""x"":196,""y"":137},{""x"":308,""y"":115},{""x"":512,""y"":100},{""x"":892,""y"":98},{""x"":1084,""y"":100},{""x"":1230,""y"":100},{""x"":1307,""y"":97},{""x"":1341,""y"":94},{""x"":1353,""y"":92},{""x"":1360,""y"":90},{""x"":1361,""y"":90},{""x"":1361,""y"":89},{""x"":1362,""y"":89},{""x"":1366,""y"":85},{""x"":1371,""y"":83},{""x"":1385,""y"":74},{""x"":1394,""y"":66},{""x"":1396,""y"":61},{""x"":1396,""y"":58},{""x"":1394,""y"":55},{""x"":1390,""y"":53},{""x"":1389,""y"":52},{""x"":1385,""y"":50},{""x"":1382,""y"":48},{""x"":1381,""y"":47},{""x"":1380,""y"":46},{""x"":1379,""y"":43},{""x"":1379,""y"":42},{""x"":1378,""y"":41},{""x"":1378,""y"":41},{""x"":1378,""y"":41}],""time"":1404}","{""food"":""3"",""num"":""3"",""gender"":""2"",""morph"":""2"",""xy"":[{""x"":751,""y"":794},{""x"":750,""y"":794},{""x"":750,""y"":794},{""x"":750,""y"":794},{""x"":750,""y"":794},{""x"":749,""y"":794},{""x"":747,""y"":792},{""x"":747,""y"":792},{""x"":746,""y"":792},{""x"":732,""y"":782},{""x"":723,""y"":777},{""x"":716,""y"":772},{""x"":710,""y"":766},{""x"":706,""y"":759},{""x"":703,""y"":754},{""x"":697,""y"":741},{""x"":684,""y"":716},{""x"":657,""y"":673},{""x"":608,""y"":615},{""x"":499,""y"":512},{""x"":410,""y"":444},{""x"":330,""y"":382},{""x"":269,""y"":331},{""x"":230,""y"":299},{""x"":207,""y"":279},{""x"":194,""y"":267},{""x"":175,""y"":248},{""x"":166,""y"":237},{""x"":158,""y"":226},{""x"":154,""y"":220},{""x"":151,""y"":217},{""x"":146,""y"":212},{""x"":144,""y"":208},{""x"":143,""y"":207},{""x"":143,""y"":205},{""x"":143,""y"":203},{""x"":143,""y"":200},{""x"":142,""y"":195},{""x"":141,""y"":190},{""x"":138,""y"":183},{""x"":129,""y"":165},{""x"":121,""y"":148},{""x"":111,""y"":132},{""x"":101,""y"":118},{""x"":93,""y"":105},{""x"":87,""y"":95},{""x"":82,""y"":84},{""x"":81,""y"":81},{""x"":80,""y"":79},{""x"":80,""y"":76},{""x"":80,""y"":74},{""x"":79,""y"":73},{""x"":79,""y"":73},{""x"":79,""y"":73},{""x"":79,""y"":72},{""x"":79,""y"":68},{""x"":80,""y"":63},{""x"":80,""y"":61},{""x"":80,""y"":61},{""x"":80,""y"":61},{""x"":80,""y"":61},{""x"":80,""y"":60},{""x"":80,""y"":60},{""x"":80,""y"":60},{""x"":80,""y"":60},{""x"":81,""y"":55},{""x"":81,""y"":53},{""x"":82,""y"":51},{""x"":82,""y"":49},{""x"":82,""y"":48},{""x"":82,""y"":47},{""x"":82,""y"":46},{""x"":82,""y"":46},{""x"":82,""y"":46}],""time"":1550}","{""food"":""3"",""num"":""3"",""gender"":""1"",""morph"":""2"",""xy"":[{""x"":737,""y"":782},{""x"":737,""y"":781},{""x"":736,""y"":780},{""x"":736,""y"":779},{""x"":736,""y"":778},{""x"":735,""y"":777},{""x"":732,""y"":774},{""x"":723,""y"":767},{""x"":690,""y"":745},{""x"":658,""y"":725},{""x"":628,""y"":699},{""x"":605,""y"":670},{""x"":585,""y"":636},{""x"":563,""y"":601},{""x"":543,""y"":567},{""x"":524,""y"":539},{""x"":486,""y"":497},{""x"":462,""y"":473},{""x"":441,""y"":453},{""x"":421,""y"":436},{""x"":403,""y"":419},{""x"":392,""y"":410},{""x"":390,""y"":406},{""x"":388,""y"":402},{""x"":386,""y"":397},{""x"":382,""y"":394},{""x"":377,""y"":389},{""x"":371,""y"":385},{""x"":365,""y"":382},{""x"":362,""y"":380},{""x"":362,""y"":379},{""x"":363,""y"":378},{""x"":363,""y"":378},{""x"":362,""y"":378},{""x"":361,""y"":378},{""x"":359,""y"":377},{""x"":352,""y"":374},{""x"":343,""y"":370},{""x"":332,""y"":365},{""x"":314,""y"":352},{""x"":300,""y"":336},{""x"":287,""y"":319},{""x"":275,""y"":301},{""x"":264,""y"":285},{""x"":253,""y"":270},{""x"":241,""y"":254},{""x"":234,""y"":247},{""x"":155,""y"":175},{""x"":139,""y"":162},{""x"":128,""y"":152},{""x"":120,""y"":146},{""x"":113,""y"":140},{""x"":107,""y"":135},{""x"":103,""y"":131},{""x"":103,""y"":130},{""x"":102,""y"":129},{""x"":100,""y"":127},{""x"":97,""y"":123},{""x"":94,""y"":120},{""x"":83,""y"":106},{""x"":78,""y"":98},{""x"":74,""y"":90},{""x"":70,""y"":83},{""x"":67,""y"":77},{""x"":64,""y"":71},{""x"":62,""y"":65},{""x"":61,""y"":61},{""x"":61,""y"":59},{""x"":61,""y"":57},{""x"":61,""y"":56},{""x"":61,""y"":56},{""x"":61,""y"":56},{""x"":61,""y"":55},{""x"":61,""y"":54},{""x"":61,""y"":53},{""x"":61,""y"":52},{""x"":61,""y"":51},{""x"":61,""y"":49},{""x"":61,""y"":48},{""x"":61,""y"":47},{""x"":61,""y"":47},{""x"":61,""y"":46},{""x"":61,""y"":46},{""x"":70,""y"":46},{""x"":91,""y"":44},{""x"":209,""y"":33},{""x"":400,""y"":17},{""x"":590,""y"":12},{""x"":766,""y"":17},{""x"":939,""y"":21},{""x"":1104,""y"":24},{""x"":1226,""y"":26},{""x"":1293,""y"":27},{""x"":1397,""y"":26},{""x"":1425,""y"":20},{""x"":1427,""y"":19},{""x"":1429,""y"":18},{""x"":1430,""y"":17},{""x"":1430,""y"":17},{""x"":1432,""y"":16},{""x"":1433,""y"":15},{""x"":1435,""y"":13},{""x"":1435,""y"":13},{""x"":1435,""y"":13},{""x"":1435,""y"":13},{""x"":1435,""y"":13},{""x"":1432,""y"":13},{""x"":1431,""y"":13},{""x"":1425,""y"":14},{""x"":1419,""y"":15},{""x"":1417,""y"":16},{""x"":1407,""y"":19},{""x"":1402,""y"":20},{""x"":1399,""y"":21},{""x"":1398,""y"":21},{""x"":1398,""y"":21}],""time"":2752}","{""food"":""1"",""num"":""3"",""gender"":""1"",""morph"":""2"",""xy"":[{""x"":748,""y"":798},{""x"":749,""y"":793},{""x"":752,""y"":766},{""x"":754,""y"":738},{""x"":755,""y"":663},{""x"":753,""y"":606},{""x"":746,""y"":544},{""x"":735,""y"":496},{""x"":727,""y"":472},{""x"":726,""y"":471},{""x"":726,""y"":471},{""x"":726,""y"":471},{""x"":726,""y"":473},{""x"":724,""y"":487},{""x"":724,""y"":487},{""x"":724,""y"":487},{""x"":724,""y"":487},{""x"":724,""y"":487},{""x"":719,""y"":483},{""x"":717,""y"":480},{""x"":709,""y"":472},{""x"":694,""y"":456},{""x"":670,""y"":439},{""x"":635,""y"":417},{""x"":587,""y"":388},{""x"":532,""y"":361},{""x"":470,""y"":339},{""x"":447,""y"":333},{""x"":424,""y"":325},{""x"":407,""y"":318},{""x"":399,""y"":316},{""x"":397,""y"":316},{""x"":396,""y"":320},{""x"":396,""y"":330},{""x"":393,""y"":328},{""x"":381,""y"":318},{""x"":367,""y"":305},{""x"":316,""y"":261},{""x"":274,""y"":221},{""x"":252,""y"":200},{""x"":231,""y"":183},{""x"":215,""y"":174},{""x"":204,""y"":168},{""x"":198,""y"":165},{""x"":194,""y"":165},{""x"":192,""y"":165},{""x"":192,""y"":165},{""x"":192,""y"":165},{""x"":190,""y"":164},{""x"":190,""y"":163},{""x"":188,""y"":163},{""x"":181,""y"":162},{""x"":174,""y"":160},{""x"":166,""y"":154},{""x"":157,""y"":146},{""x"":145,""y"":135},{""x"":131,""y"":122},{""x"":113,""y"":98},{""x"":104,""y"":88},{""x"":97,""y"":81},{""x"":94,""y"":78},{""x"":93,""y"":77},{""x"":92,""y"":76},{""x"":92,""y"":75},{""x"":92,""y"":74},{""x"":91,""y"":73},{""x"":90,""y"":72},{""x"":90,""y"":71},{""x"":90,""y"":71},{""x"":90,""y"":68},{""x"":89,""y"":66},{""x"":89,""y"":63},{""x"":87,""y"":59},{""x"":86,""y"":52},{""x"":84,""y"":47},{""x"":83,""y"":44},{""x"":82,""y"":42},{""x"":82,""y"":42}],""time"":1946}","{""food"":""3"",""num"":""2"",""gender"":""2"",""morph"":""2"",""xy"":[{""x"":731,""y"":801},{""x"":731,""y"":800},{""x"":731,""y"":800},{""x"":732,""y"":800},{""x"":732,""y"":799},{""x"":706,""y"":755},{""x"":667,""y"":693},{""x"":601,""y"":586},{""x"":429,""y"":327},{""x"":254,""y"":99},{""x"":224,""y"":61},{""x"":186,""y"":15},{""x"":176,""y"":2},{""x"":128,""y"":3},{""x"":118,""y"":7},{""x"":89,""y"":12},{""x"":75,""y"":14},{""x"":64,""y"":16},{""x"":45,""y"":21},{""x"":40,""y"":22},{""x"":39,""y"":23},{""x"":39,""y"":23},{""x"":39,""y"":23},{""x"":38,""y"":24},{""x"":38,""y"":24},{""x"":38,""y"":24}],""time"":1210}","{""food"":""3"",""num"":""3"",""gender"":""0"",""morph"":""0"",""xy"":[{""x"":730,""y"":798},{""x"":725,""y"":793},{""x"":703,""y"":772},{""x"":562,""y"":615},{""x"":396,""y"":392},{""x"":326,""y"":302},{""x"":280,""y"":252},{""x"":252,""y"":222},{""x"":232,""y"":197},{""x"":224,""y"":186},{""x"":222,""y"":187},{""x"":222,""y"":193},{""x"":220,""y"":190},{""x"":217,""y"":186},{""x"":213,""y"":182},{""x"":204,""y"":173},{""x"":181,""y"":150},{""x"":161,""y"":131},{""x"":141,""y"":114},{""x"":132,""y"":107},{""x"":81,""y"":80},{""x"":58,""y"":67},{""x"":56,""y"":65},{""x"":54,""y"":64},{""x"":54,""y"":63},{""x"":54,""y"":63},{""x"":53,""y"":61},{""x"":53,""y"":61},{""x"":52,""y"":60},{""x"":51,""y"":56},{""x"":46,""y"":46},{""x"":42,""y"":39},{""x"":39,""y"":35},{""x"":39,""y"":34},{""x"":39,""y"":34}],""time"":1310}","{""food"":""1"",""num"":""1"",""gender"":""1"",""morph"":""2"",""xy"":[{""x"":745,""y"":803},{""x"":737,""y"":792},{""x"":730,""y"":780},{""x"":687,""y"":715},{""x"":664,""y"":685},{""x"":543,""y"":552},{""x"":441,""y"":460},{""x"":389,""y"":429},{""x"":370,""y"":426},{""x"":364,""y"":430},{""x"":364,""y"":430},{""x"":357,""y"":418},{""x"":349,""y"":399},{""x"":335,""y"":364},{""x"":323,""y"":337},{""x"":308,""y"":309},{""x"":296,""y"":285},{""x"":284,""y"":262},{""x"":275,""y"":244},{""x"":264,""y"":222},{""x"":255,""y"":204},{""x"":247,""y"":191},{""x"":245,""y"":188},{""x"":244,""y"":185},{""x"":242,""y"":182},{""x"":240,""y"":178},{""x"":239,""y"":175},{""x"":237,""y"":173},{""x"":230,""y"":169},{""x"":223,""y"":165},{""x"":212,""y"":156},{""x"":199,""y"":144},{""x"":187,""y"":133},{""x"":175,""y"":121},{""x"":157,""y"":105},{""x"":144,""y"":93},{""x"":133,""y"":83},{""x"":128,""y"":79},{""x"":112,""y"":60},{""x"":101,""y"":50},{""x"":98,""y"":47},{""x"":93,""y"":44},{""x"":84,""y"":42},{""x"":75,""y"":41},{""x"":68,""y"":41},{""x"":62,""y"":40},{""x"":59,""y"":38},{""x"":58,""y"":37},{""x"":57,""y"":35},{""x"":56,""y"":34},{""x"":55,""y"":32},{""x"":55,""y"":31},{""x"":55,""y"":32},{""x"":55,""y"":32}],""time"":1520}","{""food"":""4"",""num"":""2"",""gender"":""2"",""morph"":""1"",""xy"":[{""x"":739,""y"":793},{""x"":739,""y"":792},{""x"":740,""y"":791},{""x"":747,""y"":780},{""x"":749,""y"":774},{""x"":751,""y"":769},{""x"":754,""y"":762},{""x"":758,""y"":755},{""x"":761,""y"":749},{""x"":764,""y"":745},{""x"":767,""y"":739},{""x"":767,""y"":736},{""x"":768,""y"":736},{""x"":768,""y"":735},{""x"":768,""y"":735},{""x"":768,""y"":735},{""x"":768,""y"":735},{""x"":768,""y"":733},{""x"":763,""y"":724},{""x"":756,""y"":710},{""x"":725,""y"":658},{""x"":662,""y"":581},{""x"":512,""y"":442},{""x"":396,""y"":348},{""x"":292,""y"":259},{""x"":209,""y"":183},{""x"":151,""y"":130},{""x"":130,""y"":112},{""x"":38,""y"":27},{""x"":36,""y"":23},{""x"":35,""y"":20},{""x"":34,""y"":19},{""x"":34,""y"":18},{""x"":33,""y"":17},{""x"":32,""y"":16},{""x"":29,""y"":13},{""x"":26,""y"":11},{""x"":22,""y"":8},{""x"":22,""y"":7},{""x"":21,""y"":6},{""x"":21,""y"":1},{""x"":25,""y"":1},{""x"":31,""y"":7},{""x"":49,""y"":29},{""x"":57,""y"":39},{""x"":63,""y"":45},{""x"":67,""y"":48},{""x"":71,""y"":48},{""x"":72,""y"":48},{""x"":73,""y"":48},{""x"":73,""y"":48},{""x"":73,""y"":47},{""x"":73,""y"":47},{""x"":73,""y"":46},{""x"":72,""y"":43},{""x"":72,""y"":40},{""x"":71,""y"":37},{""x"":70,""y"":33},{""x"":69,""y"":31},{""x"":69,""y"":31}],""time"":1326}","{""food"":""1"",""num"":""1"",""gender"":""2"",""morph"":""2"",""xy"":[{""x"":743,""y"":797},{""x"":743,""y"":796},{""x"":743,""y"":796},{""x"":743,""y"":795},{""x"":743,""y"":792},{""x"":743,""y"":790},{""x"":744,""y"":778},{""x"":744,""y"":760},{""x"":744,""y"":729},{""x"":743,""y"":689},{""x"":742,""y"":643},{""x"":742,""y"":610},{""x"":743,""y"":592},{""x"":744,""y"":577},{""x"":744,""y"":564},{""x"":744,""y"":547},{""x"":742,""y"":527},{""x"":737,""y"":508},{""x"":735,""y"":495},{""x"":733,""y"":480},{""x"":733,""y"":472},{""x"":733,""y"":463},{""x"":733,""y"":448},{""x"":735,""y"":435},{""x"":737,""y"":431},{""x"":739,""y"":432},{""x"":738,""y"":444},{""x"":738,""y"":444},{""x"":738,""y"":443},{""x"":739,""y"":442},{""x"":739,""y"":440},{""x"":739,""y"":437},{""x"":739,""y"":435},{""x"":739,""y"":434},{""x"":740,""y"":432},{""x"":743,""y"":428},{""x"":746,""y"":425},{""x"":747,""y"":423},{""x"":747,""y"":423},{""x"":747,""y"":422},{""x"":745,""y"":422},{""x"":737,""y"":420},{""x"":705,""y"":408},{""x"":632,""y"":380},{""x"":514,""y"":337},{""x"":271,""y"":258},{""x"":117,""y"":210},{""x"":17,""y"":181},{""x"":0,""y"":171},{""x"":0,""y"":164},{""x"":0,""y"":159},{""x"":0,""y"":160},{""x"":1,""y"":163},{""x"":1,""y"":162},{""x"":2,""y"":158},{""x"":3,""y"":154},{""x"":8,""y"":143},{""x"":13,""y"":134},{""x"":20,""y"":123},{""x"":25,""y"":116},{""x"":31,""y"":106},{""x"":35,""y"":97},{""x"":38,""y"":90},{""x"":42,""y"":82},{""x"":45,""y"":76},{""x"":48,""y"":72},{""x"":49,""y"":71},{""x"":49,""y"":70},{""x"":49,""y"":70},{""x"":50,""y"":68},{""x"":52,""y"":65},{""x"":55,""y"":61},{""x"":59,""y"":52},{""x"":64,""y"":43},{""x"":74,""y"":23},{""x"":77,""y"":19}],""time"":2032}","{""food"":""3"",""num"":""1"",""gender"":""2"",""morph"":""2"",""xy"":[{""x"":742,""y"":793},{""x"":743,""y"":793},{""x"":744,""y"":793},{""x"":746,""y"":795},{""x"":749,""y"":799},{""x"":749,""y"":797},{""x"":749,""y"":795},{""x"":749,""y"":794},{""x"":749,""y"":793},{""x"":749,""y"":792},{""x"":749,""y"":792},{""x"":748,""y"":792},{""x"":747,""y"":791},{""x"":711,""y"":749},{""x"":659,""y"":684},{""x"":589,""y"":593},{""x"":499,""y"":489},{""x"":404,""y"":384},{""x"":327,""y"":309},{""x"":269,""y"":258},{""x"":217,""y"":216},{""x"":205,""y"":206},{""x"":185,""y"":184},{""x"":184,""y"":182},{""x"":183,""y"":175},{""x"":183,""y"":173},{""x"":183,""y"":170},{""x"":182,""y"":169},{""x"":182,""y"":167},{""x"":177,""y"":160},{""x"":174,""y"":155},{""x"":173,""y"":153},{""x"":172,""y"":153},{""x"":171,""y"":151},{""x"":169,""y"":148},{""x"":166,""y"":142},{""x"":156,""y"":125},{""x"":148,""y"":112},{""x"":142,""y"":104},{""x"":135,""y"":97},{""x"":129,""y"":92},{""x"":123,""y"":87},{""x"":119,""y"":83},{""x"":116,""y"":80},{""x"":116,""y"":78},{""x"":115,""y"":76},{""x"":115,""y"":76},{""x"":115,""y"":76},{""x"":114,""y"":75},{""x"":112,""y"":74},{""x"":111,""y"":74},{""x"":111,""y"":73},{""x"":110,""y"":73},{""x"":108,""y"":68},{""x"":107,""y"":65},{""x"":107,""y"":62},{""x"":106,""y"":60},{""x"":106,""y"":59},{""x"":105,""y"":62},{""x"":105,""y"":65},{""x"":103,""y"":63},{""x"":99,""y"":61},{""x"":92,""y"":58},{""x"":89,""y"":57},{""x"":87,""y"":55},{""x"":86,""y"":54},{""x"":83,""y"":49},{""x"":82,""y"":47},{""x"":81,""y"":46},{""x"":81,""y"":45}],""time"":1698}","{""food"":""2"",""num"":""3"",""gender"":""2"",""morph"":""1"",""xy"":[{""x"":730,""y"":803},{""x"":730,""y"":802},{""x"":731,""y"":801},{""x"":732,""y"":800},{""x"":732,""y"":800},{""x"":732,""y"":799},{""x"":732,""y"":798},{""x"":732,""y"":797},{""x"":730,""y"":791},{""x"":729,""y"":778},{""x"":728,""y"":759},{""x"":728,""y"":736},{""x"":729,""y"":716},{""x"":731,""y"":700},{""x"":731,""y"":690},{""x"":731,""y"":682},{""x"":731,""y"":678},{""x"":731,""y"":675},{""x"":731,""y"":674},{""x"":731,""y"":674},{""x"":731,""y"":673},{""x"":731,""y"":673},{""x"":731,""y"":673},{""x"":731,""y"":672},{""x"":727,""y"":668},{""x"":712,""y"":648},{""x"":672,""y"":600},{""x"":596,""y"":519},{""x"":489,""y"":416},{""x"":307,""y"":262},{""x"":204,""y"":192},{""x"":144,""y"":154},{""x"":116,""y"":133},{""x"":106,""y"":123},{""x"":103,""y"":116},{""x"":103,""y"":113},{""x"":104,""y"":110},{""x"":106,""y"":109},{""x"":106,""y"":109},{""x"":106,""y"":109},{""x"":106,""y"":108},{""x"":104,""y"":104},{""x"":100,""y"":95},{""x"":94,""y"":84},{""x"":89,""y"":72},{""x"":85,""y"":63},{""x"":82,""y"":57},{""x"":80,""y"":53},{""x"":79,""y"":50},{""x"":78,""y"":49},{""x"":78,""y"":49}],""time"":1240}","{""food"":""4"",""num"":""1"",""gender"":""2"",""morph"":""1"",""xy"":[{""x"":727,""y"":799},{""x"":710,""y"":770},{""x"":618,""y"":635},{""x"":530,""y"":536},{""x"":443,""y"":448},{""x"":363,""y"":380},{""x"":294,""y"":326},{""x"":233,""y"":284},{""x"":181,""y"":252},{""x"":141,""y"":229},{""x"":135,""y"":225},{""x"":134,""y"":224},{""x"":133,""y"":222},{""x"":132,""y"":219},{""x"":131,""y"":217},{""x"":131,""y"":213},{""x"":130,""y"":203},{""x"":129,""y"":193},{""x"":127,""y"":183},{""x"":125,""y"":170},{""x"":122,""y"":149},{""x"":119,""y"":128},{""x"":116,""y"":111},{""x"":115,""y"":96},{""x"":114,""y"":90},{""x"":112,""y"":85},{""x"":109,""y"":81},{""x"":107,""y"":79},{""x"":104,""y"":77},{""x"":101,""y"":76},{""x"":98,""y"":74},{""x"":95,""y"":73},{""x"":93,""y"":73},{""x"":91,""y"":72},{""x"":91,""y"":72},{""x"":91,""y"":72},{""x"":91,""y"":70},{""x"":91,""y"":70},{""x"":91,""y"":69},{""x"":90,""y"":66},{""x"":90,""y"":60},{""x"":90,""y"":56},{""x"":89,""y"":54},{""x"":89,""y"":53},{""x"":89,""y"":53},{""x"":89,""y"":53}],""time"":1496}","{""food"":""1"",""num"":""1"",""gender"":""2"",""morph"":""3"",""xy"":[{""x"":740,""y"":793},{""x"":740,""y"":793},{""x"":740,""y"":792},{""x"":739,""y"":792},{""x"":739,""y"":791},{""x"":739,""y"":791},{""x"":738,""y"":790},{""x"":738,""y"":790},{""x"":724,""y"":769},{""x"":706,""y"":750},{""x"":681,""y"":721},{""x"":642,""y"":679},{""x"":588,""y"":613},{""x"":534,""y"":533},{""x"":430,""y"":373},{""x"":358,""y"":273},{""x"":292,""y"":198},{""x"":246,""y"":154},{""x"":220,""y"":131},{""x"":204,""y"":114},{""x"":194,""y"":102},{""x"":186,""y"":90},{""x"":184,""y"":87},{""x"":182,""y"":83},{""x"":178,""y"":78},{""x"":174,""y"":72},{""x"":169,""y"":68},{""x"":165,""y"":63},{""x"":157,""y"":58},{""x"":153,""y"":55},{""x"":150,""y"":54},{""x"":149,""y"":52},{""x"":146,""y"":50},{""x"":140,""y"":48},{""x"":129,""y"":44},{""x"":121,""y"":42},{""x"":108,""y"":39},{""x"":96,""y"":36},{""x"":87,""y"":32},{""x"":78,""y"":27},{""x"":68,""y"":20},{""x"":66,""y"":20}],""time"":1164}","{""food"":""2"",""num"":""1"",""gender"":""2"",""morph"":""3"",""xy"":[{""x"":736,""y"":792},{""x"":726,""y"":774},{""x"":687,""y"":707},{""x"":628,""y"":610},{""x"":518,""y"":445},{""x"":448,""y"":358},{""x"":397,""y"":306},{""x"":361,""y"":281},{""x"":339,""y"":269},{""x"":329,""y"":263},{""x"":324,""y"":260},{""x"":317,""y"":257},{""x"":314,""y"":254},{""x"":309,""y"":251},{""x"":301,""y"":247},{""x"":294,""y"":243},{""x"":291,""y"":241},{""x"":289,""y"":239},{""x"":286,""y"":237},{""x"":282,""y"":233},{""x"":278,""y"":228},{""x"":269,""y"":220},{""x"":256,""y"":210},{""x"":232,""y"":203},{""x"":216,""y"":209},{""x"":208,""y"":217},{""x"":207,""y"":217},{""x"":202,""y"":212},{""x"":191,""y"":192},{""x"":185,""y"":178},{""x"":182,""y"":168},{""x"":178,""y"":159},{""x"":174,""y"":151},{""x"":169,""y"":146},{""x"":158,""y"":140},{""x"":149,""y"":136},{""x"":141,""y"":133},{""x"":136,""y"":128},{""x"":130,""y"":123},{""x"":124,""y"":117},{""x"":116,""y"":110},{""x"":110,""y"":105},{""x"":102,""y"":99},{""x"":95,""y"":94},{""x"":90,""y"":89},{""x"":83,""y"":81},{""x"":70,""y"":64},{""x"":68,""y"":56},{""x"":68,""y"":51},{""x"":68,""y"":49},{""x"":68,""y"":48},{""x"":68,""y"":48}],""time"":1744}","{""food"":""2"",""num"":""2"",""gender"":""2"",""morph"":""2"",""xy"":[{""x"":731,""y"":805},{""x"":731,""y"":805},{""x"":730,""y"":805},{""x"":726,""y"":796},{""x"":705,""y"":758},{""x"":670,""y"":703},{""x"":549,""y"":554},{""x"":477,""y"":473},{""x"":413,""y"":390},{""x"":356,""y"":318},{""x"":303,""y"":259},{""x"":268,""y"":223},{""x"":254,""y"":208},{""x"":214,""y"":166},{""x"":210,""y"":160},{""x"":208,""y"":157},{""x"":208,""y"":156},{""x"":207,""y"":156},{""x"":207,""y"":156},{""x"":204,""y"":155},{""x"":184,""y"":143},{""x"":153,""y"":126},{""x"":93,""y"":84},{""x"":81,""y"":75},{""x"":35,""y"":45},{""x"":23,""y"":38},{""x"":21,""y"":35},{""x"":17,""y"":31},{""x"":17,""y"":30},{""x"":17,""y"":30},{""x"":17,""y"":30},{""x"":16,""y"":27},{""x"":16,""y"":26},{""x"":15,""y"":26},{""x"":15,""y"":25}],""time"":1248}","{""food"":""4"",""num"":""2"",""gender"":""1"",""morph"":""3"",""xy"":[{""x"":745,""y"":792},{""x"":745,""y"":792},{""x"":744,""y"":792},{""x"":744,""y"":791},{""x"":743,""y"":780},{""x"":741,""y"":767},{""x"":739,""y"":745},{""x"":738,""y"":716},{""x"":738,""y"":686},{""x"":735,""y"":666},{""x"":721,""y"":660},{""x"":709,""y"":664},{""x"":708,""y"":665},{""x"":708,""y"":662},{""x"":711,""y"":650},{""x"":715,""y"":627},{""x"":717,""y"":605},{""x"":720,""y"":580},{""x"":724,""y"":564},{""x"":727,""y"":558},{""x"":730,""y"":551},{""x"":731,""y"":548},{""x"":732,""y"":545},{""x"":733,""y"":540},{""x"":735,""y"":534},{""x"":737,""y"":527},{""x"":739,""y"":521},{""x"":747,""y"":505},{""x"":763,""y"":468},{""x"":783,""y"":427},{""x"":794,""y"":403},{""x"":801,""y"":389},{""x"":814,""y"":371},{""x"":821,""y"":363},{""x"":827,""y"":357},{""x"":847,""y"":332},{""x"":892,""y"":279},{""x"":949,""y"":217},{""x"":1011,""y"":156},{""x"":1122,""y"":58},{""x"":1194,""y"":14},{""x"":1222,""y"":2},{""x"":1295,""y"":2},{""x"":1296,""y"":5},{""x"":1300,""y"":11},{""x"":1304,""y"":15},{""x"":1311,""y"":21},{""x"":1317,""y"":27},{""x"":1322,""y"":31},{""x"":1327,""y"":36},{""x"":1331,""y"":39},{""x"":1333,""y"":41},{""x"":1333,""y"":41},{""x"":1334,""y"":40},{""x"":1335,""y"":38},{""x"":1335,""y"":38},{""x"":1337,""y"":37},{""x"":1337,""y"":36},{""x"":1338,""y"":35},{""x"":1338,""y"":35},{""x"":1338,""y"":35},{""x"":1338,""y"":34}],""time"":1512}","{""food"":""4"",""num"":""1"",""gender"":""0"",""morph"":""0"",""xy"":[{""x"":748,""y"":802},{""x"":748,""y"":802},{""x"":748,""y"":801},{""x"":748,""y"":801},{""x"":747,""y"":801},{""x"":747,""y"":799},{""x"":740,""y"":792},{""x"":727,""y"":777},{""x"":693,""y"":739},{""x"":624,""y"":658},{""x"":526,""y"":534},{""x"":416,""y"":398},{""x"":327,""y"":302},{""x"":262,""y"":238},{""x"":211,""y"":193},{""x"":177,""y"":161},{""x"":170,""y"":153},{""x"":168,""y"":147},{""x"":167,""y"":146},{""x"":167,""y"":145},{""x"":167,""y"":145},{""x"":167,""y"":145},{""x"":167,""y"":145},{""x"":165,""y"":143},{""x"":164,""y"":142},{""x"":162,""y"":141},{""x"":157,""y"":135},{""x"":152,""y"":130},{""x"":148,""y"":126},{""x"":142,""y"":119},{""x"":134,""y"":111},{""x"":128,""y"":105},{""x"":94,""y"":70},{""x"":85,""y"":61},{""x"":80,""y"":55},{""x"":77,""y"":50},{""x"":74,""y"":46},{""x"":73,""y"":45},{""x"":65,""y"":33},{""x"":57,""y"":25},{""x"":57,""y"":25},{""x"":57,""y"":25}],""time"":1146}","{""food"":""1"",""num"":""2"",""gender"":""1"",""morph"":""2"",""xy"":[{""x"":733,""y"":792},{""x"":732,""y"":790},{""x"":732,""y"":790},{""x"":732,""y"":790},{""x"":732,""y"":790},{""x"":732,""y"":791},{""x"":732,""y"":791},{""x"":724,""y"":780},{""x"":689,""y"":724},{""x"":646,""y"":664},{""x"":591,""y"":594},{""x"":530,""y"":523},{""x"":473,""y"":457},{""x"":438,""y"":416},{""x"":418,""y"":390},{""x"":410,""y"":375},{""x"":403,""y"":360},{""x"":400,""y"":350},{""x"":400,""y"":345},{""x"":399,""y"":341},{""x"":399,""y"":338},{""x"":399,""y"":335},{""x"":398,""y"":334},{""x"":397,""y"":332},{""x"":397,""y"":331},{""x"":396,""y"":331},{""x"":396,""y"":330},{""x"":396,""y"":329},{""x"":400,""y"":326},{""x"":413,""y"":320},{""x"":424,""y"":316},{""x"":438,""y"":312},{""x"":704,""y"":246},{""x"":820,""y"":226},{""x"":881,""y"":218},{""x"":1184,""y"":159},{""x"":1266,""y"":135},{""x"":1321,""y"":118},{""x"":1353,""y"":106},{""x"":1367,""y"":99},{""x"":1370,""y"":97},{""x"":1371,""y"":96},{""x"":1372,""y"":96},{""x"":1372,""y"":95},{""x"":1374,""y"":93},{""x"":1378,""y"":88},{""x"":1383,""y"":82},{""x"":1385,""y"":78},{""x"":1385,""y"":76},{""x"":1385,""y"":74},{""x"":1383,""y"":70},{""x"":1379,""y"":65},{""x"":1371,""y"":57},{""x"":1364,""y"":51},{""x"":1357,""y"":49},{""x"":1351,""y"":48},{""x"":1347,""y"":48},{""x"":1345,""y"":48},{""x"":1345,""y"":48},{""x"":1343,""y"":48},{""x"":1343,""y"":48},{""x"":1343,""y"":48},{""x"":1342,""y"":48},{""x"":1344,""y"":47},{""x"":1346,""y"":45},{""x"":1348,""y"":43},{""x"":1349,""y"":43},{""x"":1350,""y"":43}],""time"":1619}","{""food"":""2"",""num"":""2"",""gender"":""1"",""morph"":""1"",""xy"":[{""x"":727,""y"":797},{""x"":723,""y"":796},{""x"":711,""y"":789},{""x"":686,""y"":772},{""x"":647,""y"":740},{""x"":594,""y"":683},{""x"":529,""y"":592},{""x"":464,""y"":485},{""x"":402,""y"":380},{""x"":329,""y"":280},{""x"":289,""y"":241},{""x"":257,""y"":218},{""x"":245,""y"":211},{""x"":201,""y"":179},{""x"":190,""y"":171},{""x"":183,""y"":166},{""x"":182,""y"":165},{""x"":182,""y"":165},{""x"":182,""y"":165},{""x"":182,""y"":165},{""x"":184,""y"":163},{""x"":189,""y"":163},{""x"":203,""y"":162},{""x"":236,""y"":156},{""x"":269,""y"":150},{""x"":515,""y"":131},{""x"":687,""y"":132},{""x"":901,""y"":134},{""x"":985,""y"":134},{""x"":1052,""y"":130},{""x"":1120,""y"":124},{""x"":1144,""y"":120},{""x"":1159,""y"":117},{""x"":1169,""y"":114},{""x"":1183,""y"":107},{""x"":1194,""y"":100},{""x"":1208,""y"":91},{""x"":1221,""y"":84},{""x"":1232,""y"":76},{""x"":1239,""y"":69},{""x"":1244,""y"":64},{""x"":1249,""y"":60},{""x"":1257,""y"":54},{""x"":1269,""y"":48},{""x"":1276,""y"":44},{""x"":1282,""y"":41},{""x"":1288,""y"":38},{""x"":1294,""y"":34},{""x"":1300,""y"":31},{""x"":1301,""y"":31},{""x"":1301,""y"":31},{""x"":1302,""y"":31},{""x"":1309,""y"":32},{""x"":1318,""y"":32},{""x"":1323,""y"":30},{""x"":1328,""y"":29},{""x"":1340,""y"":27},{""x"":1342,""y"":26},{""x"":1342,""y"":26}],""time"":1457}","{""food"":""1"",""num"":""3"",""gender"":""2"",""morph"":""1"",""xy"":[{""x"":724,""y"":800},{""x"":722,""y"":800},{""x"":720,""y"":797},{""x"":707,""y"":770},{""x"":695,""y"":736},{""x"":685,""y"":697},{""x"":681,""y"":656},{""x"":682,""y"":616},{""x"":685,""y"":611},{""x"":687,""y"":613},{""x"":687,""y"":618},{""x"":687,""y"":617},{""x"":687,""y"":616},{""x"":687,""y"":614},{""x"":687,""y"":610},{""x"":687,""y"":607},{""x"":687,""y"":607},{""x"":687,""y"":606},{""x"":687,""y"":606},{""x"":686,""y"":604},{""x"":679,""y"":598},{""x"":669,""y"":588},{""x"":601,""y"":521},{""x"":514,""y"":435},{""x"":409,""y"":352},{""x"":296,""y"":287},{""x"":209,""y"":259},{""x"":165,""y"":264},{""x"":156,""y"":270},{""x"":152,""y"":292},{""x"":149,""y"":289},{""x"":142,""y"":280},{""x"":134,""y"":258},{""x"":131,""y"":238},{""x"":130,""y"":221},{""x"":129,""y"":213},{""x"":129,""y"":206},{""x"":129,""y"":200},{""x"":129,""y"":196},{""x"":129,""y"":190},{""x"":129,""y"":183},{""x"":129,""y"":176},{""x"":128,""y"":172},{""x"":126,""y"":166},{""x"":123,""y"":157},{""x"":117,""y"":148},{""x"":101,""y"":130},{""x"":85,""y"":113},{""x"":75,""y"":102},{""x"":70,""y"":95},{""x"":66,""y"":88},{""x"":65,""y"":83},{""x"":64,""y"":80},{""x"":63,""y"":77},{""x"":63,""y"":74},{""x"":63,""y"":72},{""x"":63,""y"":71},{""x"":63,""y"":71},{""x"":63,""y"":70},{""x"":63,""y"":69},{""x"":63,""y"":67},{""x"":64,""y"":63},{""x"":66,""y"":57},{""x"":68,""y"":51},{""x"":70,""y"":44},{""x"":70,""y"":42},{""x"":70,""y"":42},{""x"":70,""y"":41},{""x"":70,""y"":41}],""time"":1651}","{""food"":""4"",""num"":""2"",""gender"":""1"",""morph"":""2"",""xy"":[{""x"":741,""y"":790},{""x"":742,""y"":790},{""x"":743,""y"":792},{""x"":744,""y"":795},{""x"":743,""y"":801},{""x"":742,""y"":801},{""x"":742,""y"":801},{""x"":743,""y"":799},{""x"":743,""y"":798},{""x"":744,""y"":797},{""x"":744,""y"":796},{""x"":742,""y"":793},{""x"":740,""y"":790},{""x"":735,""y"":780},{""x"":734,""y"":777},{""x"":734,""y"":773},{""x"":735,""y"":767},{""x"":740,""y"":750},{""x"":763,""y"":703},{""x"":848,""y"":567},{""x"":918,""y"":474},{""x"":979,""y"":405},{""x"":1025,""y"":359},{""x"":1052,""y"":333},{""x"":1067,""y"":318},{""x"":1079,""y"":307},{""x"":1083,""y"":302},{""x"":1083,""y"":302},{""x"":1083,""y"":300},{""x"":1083,""y"":299},{""x"":1085,""y"":296},{""x"":1087,""y"":291},{""x"":1088,""y"":288},{""x"":1088,""y"":287},{""x"":1089,""y"":286},{""x"":1089,""y"":284},{""x"":1090,""y"":283},{""x"":1090,""y"":282},{""x"":1095,""y"":277},{""x"":1105,""y"":267},{""x"":1123,""y"":248},{""x"":1154,""y"":217},{""x"":1197,""y"":176},{""x"":1245,""y"":133},{""x"":1277,""y"":108},{""x"":1294,""y"":94},{""x"":1303,""y"":86},{""x"":1309,""y"":81},{""x"":1310,""y"":80},{""x"":1310,""y"":80},{""x"":1310,""y"":80},{""x"":1310,""y"":79},{""x"":1311,""y"":78},{""x"":1314,""y"":73},{""x"":1316,""y"":70},{""x"":1317,""y"":67},{""x"":1317,""y"":67},{""x"":1323,""y"":62},{""x"":1324,""y"":60},{""x"":1330,""y"":55},{""x"":1337,""y"":50},{""x"":1346,""y"":45},{""x"":1352,""y"":44},{""x"":1352,""y"":44}],""time"":1752}","{""food"":""3"",""num"":""1"",""gender"":""2"",""morph"":""3"",""xy"":[{""x"":748,""y"":781},{""x"":748,""y"":762},{""x"":748,""y"":706},{""x"":748,""y"":656},{""x"":748,""y"":607},{""x"":748,""y"":569},{""x"":748,""y"":543},{""x"":747,""y"":527},{""x"":745,""y"":516},{""x"":745,""y"":515},{""x"":745,""y"":514},{""x"":743,""y"":518},{""x"":743,""y"":520},{""x"":742,""y"":523},{""x"":742,""y"":530},{""x"":742,""y"":531},{""x"":728,""y"":525},{""x"":703,""y"":508},{""x"":675,""y"":484},{""x"":596,""y"":416},{""x"":544,""y"":374},{""x"":494,""y"":340},{""x"":457,""y"":317},{""x"":425,""y"":298},{""x"":392,""y"":281},{""x"":356,""y"":260},{""x"":338,""y"":251},{""x"":322,""y"":240},{""x"":317,""y"":235},{""x"":312,""y"":231},{""x"":308,""y"":227},{""x"":300,""y"":220},{""x"":293,""y"":213},{""x"":276,""y"":200},{""x"":262,""y"":191},{""x"":244,""y"":179},{""x"":230,""y"":170},{""x"":101,""y"":94},{""x"":24,""y"":51},{""x"":0,""y"":27},{""x"":0,""y"":7},{""x"":0,""y"":1},{""x"":36,""y"":5},{""x"":52,""y"":13},{""x"":83,""y"":28},{""x"":98,""y"":34},{""x"":105,""y"":35},{""x"":106,""y"":35},{""x"":107,""y"":35},{""x"":107,""y"":35},{""x"":106,""y"":34},{""x"":105,""y"":34},{""x"":105,""y"":34},{""x"":102,""y"":33},{""x"":97,""y"":30},{""x"":88,""y"":27},{""x"":85,""y"":26},{""x"":85,""y"":26}],""time"":1620}","{""food"":""1"",""num"":""2"",""gender"":""2"",""morph"":""2"",""xy"":[{""x"":728,""y"":791},{""x"":690,""y"":762},{""x"":592,""y"":676},{""x"":495,""y"":592},{""x"":372,""y"":472},{""x"":246,""y"":349},{""x"":120,""y"":230},{""x"":41,""y"":164},{""x"":13,""y"":140},{""x"":12,""y"":137},{""x"":12,""y"":136},{""x"":13,""y"":142},{""x"":13,""y"":143},{""x"":13,""y"":142},{""x"":13,""y"":133},{""x"":13,""y"":123},{""x"":15,""y"":109},{""x"":18,""y"":101},{""x"":21,""y"":95},{""x"":26,""y"":87},{""x"":29,""y"":82},{""x"":32,""y"":80},{""x"":34,""y"":79},{""x"":35,""y"":78},{""x"":38,""y"":77},{""x"":39,""y"":76},{""x"":40,""y"":75},{""x"":40,""y"":75},{""x"":41,""y"":74},{""x"":43,""y"":72},{""x"":45,""y"":69},{""x"":47,""y"":67},{""x"":48,""y"":66},{""x"":52,""y"":62},{""x"":55,""y"":58},{""x"":58,""y"":54},{""x"":60,""y"":51},{""x"":61,""y"":50},{""x"":62,""y"":49},{""x"":62,""y"":48}],""time"":1256}","{""food"":""1"",""num"":""3"",""gender"":""2"",""morph"":""3"",""xy"":[{""x"":763,""y"":794},{""x"":768,""y"":795},{""x"":770,""y"":800},{""x"":770,""y"":808},{""x"":770,""y"":808},{""x"":770,""y"":807},{""x"":770,""y"":807},{""x"":770,""y"":806},{""x"":770,""y"":806},{""x"":770,""y"":805},{""x"":770,""y"":804},{""x"":770,""y"":803},{""x"":769,""y"":801},{""x"":768,""y"":798},{""x"":752,""y"":765},{""x"":727,""y"":718},{""x"":664,""y"":611},{""x"":608,""y"":523},{""x"":545,""y"":448},{""x"":510,""y"":415},{""x"":384,""y"":324},{""x"":336,""y"":297},{""x"":291,""y"":264},{""x"":275,""y"":250},{""x"":266,""y"":240},{""x"":258,""y"":234},{""x"":251,""y"":228},{""x"":244,""y"":220},{""x"":233,""y"":209},{""x"":227,""y"":203},{""x"":221,""y"":197},{""x"":214,""y"":193},{""x"":206,""y"":186},{""x"":199,""y"":181},{""x"":191,""y"":174},{""x"":172,""y"":158},{""x"":158,""y"":147},{""x"":144,""y"":137},{""x"":119,""y"":118},{""x"":103,""y"":104},{""x"":90,""y"":94},{""x"":90,""y"":93},{""x"":90,""y"":93},{""x"":90,""y"":92},{""x"":90,""y"":89},{""x"":91,""y"":88},{""x"":91,""y"":88},{""x"":91,""y"":88},{""x"":91,""y"":90},{""x"":91,""y"":93},{""x"":92,""y"":90},{""x"":92,""y"":88},{""x"":94,""y"":82},{""x"":95,""y"":77},{""x"":96,""y"":72},{""x"":94,""y"":65},{""x"":93,""y"":62},{""x"":92,""y"":60},{""x"":92,""y"":58},{""x"":91,""y"":57},{""x"":91,""y"":56},{""x"":91,""y"":55},{""x"":91,""y"":55},{""x"":91,""y"":55}],""time"":1722}","{""food"":""1"",""num"":""3"",""gender"":""1"",""morph"":""1"",""xy"":[{""x"":727,""y"":798},{""x"":728,""y"":798},{""x"":729,""y"":799},{""x"":729,""y"":800},{""x"":724,""y"":802},{""x"":723,""y"":802},{""x"":723,""y"":802},{""x"":723,""y"":802},{""x"":723,""y"":800},{""x"":723,""y"":799},{""x"":723,""y"":798},{""x"":725,""y"":795},{""x"":726,""y"":793},{""x"":742,""y"":776},{""x"":754,""y"":765},{""x"":843,""y"":681},{""x"":902,""y"":625},{""x"":949,""y"":578},{""x"":1033,""y"":465},{""x"":1066,""y"":409},{""x"":1079,""y"":385},{""x"":1133,""y"":282},{""x"":1157,""y"":228},{""x"":1159,""y"":225},{""x"":1160,""y"":222},{""x"":1163,""y"":216},{""x"":1164,""y"":215},{""x"":1165,""y"":214},{""x"":1165,""y"":213},{""x"":1169,""y"":211},{""x"":1175,""y"":207},{""x"":1181,""y"":201},{""x"":1203,""y"":175},{""x"":1227,""y"":155},{""x"":1249,""y"":142},{""x"":1266,""y"":133},{""x"":1279,""y"":126},{""x"":1285,""y"":121},{""x"":1291,""y"":116},{""x"":1293,""y"":113},{""x"":1294,""y"":111},{""x"":1296,""y"":110},{""x"":1298,""y"":109},{""x"":1300,""y"":107},{""x"":1303,""y"":103},{""x"":1304,""y"":100},{""x"":1309,""y"":94},{""x"":1315,""y"":87},{""x"":1322,""y"":80},{""x"":1328,""y"":74},{""x"":1335,""y"":67},{""x"":1347,""y"":56},{""x"":1352,""y"":51},{""x"":1356,""y"":49},{""x"":1357,""y"":47},{""x"":1357,""y"":47}],""time"":1760}","{""food"":""3"",""num"":""1"",""gender"":""1"",""morph"":""2"",""xy"":[{""x"":750,""y"":778},{""x"":742,""y"":768},{""x"":726,""y"":751},{""x"":700,""y"":723},{""x"":676,""y"":699},{""x"":664,""y"":688},{""x"":660,""y"":682},{""x"":658,""y"":678},{""x"":656,""y"":674},{""x"":654,""y"":667},{""x"":650,""y"":659},{""x"":646,""y"":651},{""x"":636,""y"":642},{""x"":608,""y"":614},{""x"":569,""y"":578},{""x"":510,""y"":521},{""x"":441,""y"":459},{""x"":366,""y"":404},{""x"":296,""y"":351},{""x"":237,""y"":309},{""x"":183,""y"":279},{""x"":177,""y"":277},{""x"":176,""y"":282},{""x"":176,""y"":288},{""x"":175,""y"":286},{""x"":170,""y"":278},{""x"":164,""y"":271},{""x"":148,""y"":224},{""x"":162,""y"":191},{""x"":173,""y"":179},{""x"":213,""y"":160},{""x"":338,""y"":127},{""x"":402,""y"":112},{""x"":472,""y"":99},{""x"":749,""y"":58},{""x"":851,""y"":44},{""x"":856,""y"":42},{""x"":857,""y"":41},{""x"":855,""y"":41},{""x"":827,""y"":46},{""x"":812,""y"":48},{""x"":774,""y"":50},{""x"":750,""y"":50},{""x"":590,""y"":45},{""x"":419,""y"":28},{""x"":399,""y"":28},{""x"":296,""y"":22},{""x"":277,""y"":21},{""x"":268,""y"":21},{""x"":254,""y"":20},{""x"":210,""y"":20},{""x"":191,""y"":20},{""x"":32,""y"":21},{""x"":0,""y"":36},{""x"":0,""y"":38},{""x"":0,""y"":40},{""x"":0,""y"":40},{""x"":0,""y"":40},{""x"":0,""y"":40},{""x"":1,""y"":40},{""x"":1,""y"":40},{""x"":4,""y"":39},{""x"":19,""y"":40},{""x"":46,""y"":42},{""x"":63,""y"":43},{""x"":68,""y"":43},{""x"":76,""y"":44},{""x"":84,""y"":44},{""x"":84,""y"":44},{""x"":85,""y"":44},{""x"":85,""y"":44},{""x"":86,""y"":44},{""x"":87,""y"":43},{""x"":88,""y"":42},{""x"":89,""y"":42},{""x"":94,""y"":41},{""x"":112,""y"":40},{""x"":197,""y"":37},{""x"":459,""y"":35},{""x"":624,""y"":35},{""x"":802,""y"":34},{""x"":889,""y"":34},{""x"":1175,""y"":38},{""x"":1267,""y"":36},{""x"":1329,""y"":32},{""x"":1380,""y"":26},{""x"":1397,""y"":23},{""x"":1408,""y"":20},{""x"":1417,""y"":17},{""x"":1423,""y"":15},{""x"":1426,""y"":14},{""x"":1426,""y"":13},{""x"":1427,""y"":13},{""x"":1421,""y"":15},{""x"":1411,""y"":17},{""x"":1375,""y"":22},{""x"":1356,""y"":23},{""x"":1346,""y"":24},{""x"":1341,""y"":24},{""x"":1339,""y"":24},{""x"":1339,""y"":24},{""x"":1339,""y"":24},{""x"":1340,""y"":25},{""x"":1343,""y"":28},{""x"":1346,""y"":29},{""x"":1348,""y"":31},{""x"":1350,""y"":32},{""x"":1351,""y"":32},{""x"":1351,""y"":32},{""x"":1351,""y"":33}],""time"":2790}","{""food"":""3"",""num"":""1"",""gender"":""0"",""morph"":""0"",""xy"":[{""x"":730,""y"":796},{""x"":726,""y"":790},{""x"":681,""y"":734},{""x"":613,""y"":651},{""x"":527,""y"":552},{""x"":440,""y"":452},{""x"":364,""y"":366},{""x"":303,""y"":300},{""x"":250,""y"":245},{""x"":231,""y"":227},{""x"":222,""y"":219},{""x"":219,""y"":215},{""x"":218,""y"":214},{""x"":217,""y"":212},{""x"":216,""y"":210},{""x"":213,""y"":208},{""x"":210,""y"":205},{""x"":203,""y"":201},{""x"":196,""y"":198},{""x"":189,""y"":194},{""x"":180,""y"":189},{""x"":168,""y"":179},{""x"":150,""y"":162},{""x"":142,""y"":154},{""x"":128,""y"":139},{""x"":118,""y"":127},{""x"":110,""y"":119},{""x"":91,""y"":93},{""x"":76,""y"":65},{""x"":74,""y"":61},{""x"":70,""y"":55},{""x"":68,""y"":50},{""x"":65,""y"":45},{""x"":64,""y"":42},{""x"":63,""y"":38},{""x"":61,""y"":34},{""x"":60,""y"":32},{""x"":59,""y"":30},{""x"":59,""y"":28},{""x"":59,""y"":28}],""time"":1294}","{""food"":""4"",""num"":""2"",""gender"":""2"",""morph"":""3"",""xy"":[{""x"":732,""y"":781},{""x"":734,""y"":777},{""x"":737,""y"":772},{""x"":740,""y"":766},{""x"":743,""y"":759},{""x"":746,""y"":752},{""x"":751,""y"":741},{""x"":753,""y"":738},{""x"":754,""y"":737},{""x"":755,""y"":736},{""x"":756,""y"":737},{""x"":757,""y"":744},{""x"":757,""y"":752},{""x"":757,""y"":751},{""x"":757,""y"":751},{""x"":758,""y"":746},{""x"":760,""y"":740},{""x"":760,""y"":737},{""x"":756,""y"":725},{""x"":747,""y"":703},{""x"":733,""y"":668},{""x"":707,""y"":610},{""x"":660,""y"":525},{""x"":543,""y"":379},{""x"":429,""y"":292},{""x"":306,""y"":219},{""x"":202,""y"":162},{""x"":138,""y"":132},{""x"":108,""y"":119},{""x"":94,""y"":114},{""x"":92,""y"":113},{""x"":92,""y"":113},{""x"":92,""y"":113},{""x"":91,""y"":112},{""x"":91,""y"":112},{""x"":91,""y"":112},{""x"":91,""y"":111},{""x"":91,""y"":107},{""x"":91,""y"":94},{""x"":90,""y"":80},{""x"":89,""y"":72},{""x"":87,""y"":64},{""x"":86,""y"":61},{""x"":82,""y"":52},{""x"":81,""y"":51},{""x"":81,""y"":50},{""x"":80,""y"":50}],""time"":1215}","{""food"":""2"",""num"":""3"",""gender"":""1"",""morph"":""1"",""xy"":[{""x"":744,""y"":795},{""x"":745,""y"":793},{""x"":744,""y"":759},{""x"":741,""y"":719},{""x"":736,""y"":664},{""x"":733,""y"":602},{""x"":733,""y"":545},{""x"":736,""y"":505},{""x"":740,""y"":483},{""x"":742,""y"":476},{""x"":742,""y"":474},{""x"":742,""y"":473},{""x"":742,""y"":473},{""x"":742,""y"":473},{""x"":743,""y"":473},{""x"":749,""y"":468},{""x"":771,""y"":454},{""x"":803,""y"":435},{""x"":889,""y"":383},{""x"":992,""y"":325},{""x"":1159,""y"":224},{""x"":1266,""y"":158},{""x"":1329,""y"":114},{""x"":1351,""y"":94},{""x"":1360,""y"":85},{""x"":1364,""y"":79},{""x"":1365,""y"":76},{""x"":1367,""y"":74},{""x"":1368,""y"":71},{""x"":1372,""y"":68},{""x"":1375,""y"":65},{""x"":1377,""y"":62},{""x"":1379,""y"":59},{""x"":1379,""y"":58},{""x"":1380,""y"":49},{""x"":1380,""y"":48},{""x"":1379,""y"":48},{""x"":1378,""y"":48},{""x"":1378,""y"":48},{""x"":1378,""y"":48},{""x"":1377,""y"":48},{""x"":1376,""y"":47},{""x"":1376,""y"":47},{""x"":1376,""y"":47},{""x"":1376,""y"":46},{""x"":1375,""y"":46},{""x"":1375,""y"":46},{""x"":1375,""y"":46},{""x"":1374,""y"":46},{""x"":1370,""y"":46},{""x"":1363,""y"":46},{""x"":1338,""y"":51},{""x"":1289,""y"":60},{""x"":1194,""y"":69},{""x"":1083,""y"":79},{""x"":983,""y"":86},{""x"":867,""y"":95},{""x"":823,""y"":97},{""x"":800,""y"":97},{""x"":785,""y"":97},{""x"":766,""y"":99},{""x"":740,""y"":99},{""x"":677,""y"":101},{""x"":617,""y"":103},{""x"":527,""y"":103},{""x"":431,""y"":103},{""x"":340,""y"":100},{""x"":274,""y"":98},{""x"":219,""y"":96},{""x"":184,""y"":95},{""x"":162,""y"":95},{""x"":156,""y"":96},{""x"":152,""y"":96},{""x"":150,""y"":97},{""x"":149,""y"":98},{""x"":144,""y"":100},{""x"":136,""y"":104},{""x"":116,""y"":111},{""x"":104,""y"":114},{""x"":99,""y"":114},{""x"":98,""y"":115},{""x"":98,""y"":115},{""x"":98,""y"":115},{""x"":97,""y"":115},{""x"":97,""y"":115},{""x"":97,""y"":112},{""x"":97,""y"":109},{""x"":97,""y"":93},{""x"":97,""y"":83},{""x"":97,""y"":73},{""x"":95,""y"":64},{""x"":93,""y"":56},{""x"":91,""y"":52},{""x"":90,""y"":49},{""x"":88,""y"":48},{""x"":87,""y"":46}],""time"":2256}","{""food"":""2"",""num"":""1"",""gender"":""2"",""morph"":""2"",""xy"":[{""x"":748,""y"":803},{""x"":748,""y"":802},{""x"":748,""y"":801},{""x"":748,""y"":800},{""x"":748,""y"":799},{""x"":748,""y"":796},{""x"":748,""y"":791},{""x"":747,""y"":779},{""x"":744,""y"":761},{""x"":739,""y"":737},{""x"":732,""y"":705},{""x"":728,""y"":690},{""x"":726,""y"":684},{""x"":726,""y"":681},{""x"":726,""y"":679},{""x"":725,""y"":677},{""x"":722,""y"":679},{""x"":717,""y"":689},{""x"":712,""y"":684},{""x"":662,""y"":623},{""x"":626,""y"":568},{""x"":575,""y"":496},{""x"":511,""y"":417},{""x"":432,""y"":337},{""x"":351,""y"":266},{""x"":289,""y"":224},{""x"":213,""y"":183},{""x"":195,""y"":174},{""x"":185,""y"":170},{""x"":181,""y"":168},{""x"":180,""y"":167},{""x"":178,""y"":166},{""x"":177,""y"":166},{""x"":174,""y"":164},{""x"":169,""y"":159},{""x"":166,""y"":156},{""x"":164,""y"":152},{""x"":162,""y"":144},{""x"":157,""y"":128},{""x"":154,""y"":115},{""x"":149,""y"":102},{""x"":143,""y"":94},{""x"":134,""y"":85},{""x"":127,""y"":80},{""x"":118,""y"":73},{""x"":113,""y"":68},{""x"":110,""y"":66},{""x"":108,""y"":63},{""x"":106,""y"":61},{""x"":105,""y"":58},{""x"":104,""y"":56},{""x"":102,""y"":50},{""x"":99,""y"":44},{""x"":97,""y"":40},{""x"":95,""y"":36},{""x"":92,""y"":31},{""x"":91,""y"":30},{""x"":89,""y"":27}],""time"":1309}","{""food"":""3"",""num"":""2"",""gender"":""1"",""morph"":""3"",""xy"":[{""x"":735,""y"":795},{""x"":735,""y"":795},{""x"":737,""y"":792},{""x"":755,""y"":760},{""x"":824,""y"":654},{""x"":917,""y"":509},{""x"":1008,""y"":370},{""x"":1079,""y"":276},{""x"":1148,""y"":191},{""x"":1173,""y"":154},{""x"":1182,""y"":132},{""x"":1184,""y"":121},{""x"":1185,""y"":115},{""x"":1186,""y"":113},{""x"":1186,""y"":113},{""x"":1187,""y"":112},{""x"":1187,""y"":111},{""x"":1189,""y"":108},{""x"":1190,""y"":105},{""x"":1192,""y"":102},{""x"":1195,""y"":100},{""x"":1207,""y"":94},{""x"":1220,""y"":88},{""x"":1234,""y"":81},{""x"":1252,""y"":74},{""x"":1275,""y"":64},{""x"":1294,""y"":55},{""x"":1306,""y"":49},{""x"":1312,""y"":44},{""x"":1314,""y"":42},{""x"":1315,""y"":42},{""x"":1316,""y"":40},{""x"":1318,""y"":37},{""x"":1322,""y"":33},{""x"":1327,""y"":27},{""x"":1337,""y"":18},{""x"":1340,""y"":17},{""x"":1341,""y"":17},{""x"":1341,""y"":17},{""x"":1341,""y"":17}],""time"":1403}","{""food"":""3"",""num"":""2"",""gender"":""1"",""morph"":""2"",""xy"":[{""x"":727,""y"":805},{""x"":725,""y"":804},{""x"":724,""y"":803},{""x"":723,""y"":803},{""x"":722,""y"":802},{""x"":722,""y"":802},{""x"":721,""y"":801},{""x"":734,""y"":758},{""x"":762,""y"":719},{""x"":843,""y"":596},{""x"":943,""y"":425},{""x"":1075,""y"":187},{""x"":1131,""y"":97},{""x"":1155,""y"":60},{""x"":1161,""y"":52},{""x"":1162,""y"":51},{""x"":1162,""y"":51},{""x"":1168,""y"":55},{""x"":1172,""y"":58},{""x"":1177,""y"":61},{""x"":1186,""y"":66},{""x"":1191,""y"":70},{""x"":1197,""y"":75},{""x"":1204,""y"":80},{""x"":1208,""y"":83},{""x"":1209,""y"":84},{""x"":1211,""y"":86},{""x"":1212,""y"":88},{""x"":1213,""y"":89},{""x"":1213,""y"":90},{""x"":1213,""y"":91},{""x"":1213,""y"":92},{""x"":1212,""y"":92},{""x"":1216,""y"":90},{""x"":1222,""y"":87},{""x"":1230,""y"":84},{""x"":1244,""y"":78},{""x"":1266,""y"":67},{""x"":1284,""y"":59},{""x"":1292,""y"":55},{""x"":1314,""y"":45},{""x"":1316,""y"":43},{""x"":1317,""y"":42},{""x"":1317,""y"":41},{""x"":1318,""y"":40},{""x"":1318,""y"":40},{""x"":1319,""y"":39},{""x"":1319,""y"":38},{""x"":1319,""y"":38},{""x"":1319,""y"":36},{""x"":1320,""y"":34},{""x"":1323,""y"":32},{""x"":1327,""y"":30},{""x"":1328,""y"":30},{""x"":1329,""y"":30},{""x"":1329,""y"":30},{""x"":1329,""y"":30},{""x"":1329,""y"":30}],""time"":2356}","{""food"":""2"",""num"":""1"",""gender"":""1"",""morph"":""1"",""xy"":[{""x"":745,""y"":801},{""x"":744,""y"":799},{""x"":744,""y"":796},{""x"":742,""y"":776},{""x"":742,""y"":755},{""x"":742,""y"":728},{""x"":742,""y"":679},{""x"":742,""y"":637},{""x"":740,""y"":596},{""x"":739,""y"":563},{""x"":738,""y"":541},{""x"":737,""y"":528},{""x"":737,""y"":522},{""x"":737,""y"":515},{""x"":737,""y"":512},{""x"":737,""y"":511},{""x"":737,""y"":511},{""x"":737,""y"":511},{""x"":738,""y"":510},{""x"":755,""y"":499},{""x"":810,""y"":456},{""x"":908,""y"":369},{""x"":1092,""y"":188},{""x"":1197,""y"":76},{""x"":1247,""y"":29},{""x"":1432,""y"":0},{""x"":1430,""y"":1},{""x"":1428,""y"":3},{""x"":1425,""y"":3},{""x"":1423,""y"":4},{""x"":1422,""y"":4},{""x"":1420,""y"":5},{""x"":1419,""y"":6},{""x"":1416,""y"":7},{""x"":1413,""y"":9},{""x"":1411,""y"":9},{""x"":1408,""y"":10},{""x"":1406,""y"":12},{""x"":1402,""y"":13},{""x"":1400,""y"":15},{""x"":1398,""y"":16},{""x"":1396,""y"":18},{""x"":1396,""y"":19},{""x"":1395,""y"":20},{""x"":1394,""y"":21},{""x"":1393,""y"":21},{""x"":1393,""y"":21},{""x"":1393,""y"":21},{""x"":1393,""y"":21},{""x"":1393,""y"":21},{""x"":1392,""y"":22},{""x"":1392,""y"":23},{""x"":1392,""y"":24},{""x"":1390,""y"":25},{""x"":1389,""y"":27},{""x"":1389,""y"":27},{""x"":1388,""y"":28},{""x"":1388,""y"":28}],""time"":2016}","{""food"":""1"",""num"":""1"",""gender"":""0"",""morph"":""0"",""xy"":[{""x"":732,""y"":776},{""x"":711,""y"":756},{""x"":668,""y"":713},{""x"":527,""y"":564},{""x"":395,""y"":423},{""x"":266,""y"":290},{""x"":156,""y"":179},{""x"":88,""y"":109},{""x"":48,""y"":66},{""x"":25,""y"":39},{""x"":5,""y"":13},{""x"":0,""y"":2},{""x"":0,""y"":0},{""x"":55,""y"":25},{""x"":83,""y"":40},{""x"":87,""y"":44},{""x"":89,""y"":46},{""x"":89,""y"":48},{""x"":89,""y"":48}],""time"":1093}","{""food"":""1"",""num"":""2"",""gender"":""2"",""morph"":""3"",""xy"":[{""x"":746,""y"":790},{""x"":746,""y"":782},{""x"":746,""y"":771},{""x"":746,""y"":738},{""x"":751,""y"":702},{""x"":756,""y"":681},{""x"":760,""y"":672},{""x"":763,""y"":668},{""x"":763,""y"":671},{""x"":762,""y"":670},{""x"":762,""y"":667},{""x"":762,""y"":661},{""x"":762,""y"":649},{""x"":763,""y"":635},{""x"":760,""y"":615},{""x"":757,""y"":592},{""x"":757,""y"":573},{""x"":758,""y"":556},{""x"":761,""y"":540},{""x"":765,""y"":526},{""x"":767,""y"":518},{""x"":769,""y"":515},{""x"":769,""y"":513},{""x"":769,""y"":513},{""x"":765,""y"":512},{""x"":727,""y"":493},{""x"":629,""y"":432},{""x"":517,""y"":375},{""x"":348,""y"":304},{""x"":162,""y"":236},{""x"":34,""y"":198},{""x"":0,""y"":188},{""x"":0,""y"":192},{""x"":0,""y"":202},{""x"":0,""y"":202},{""x"":0,""y"":199},{""x"":5,""y"":187},{""x"":17,""y"":165},{""x"":32,""y"":141},{""x"":47,""y"":126},{""x"":57,""y"":116},{""x"":60,""y"":112},{""x"":62,""y"":110},{""x"":62,""y"":110},{""x"":62,""y"":110},{""x"":62,""y"":110},{""x"":62,""y"":109},{""x"":61,""y"":108},{""x"":60,""y"":108},{""x"":59,""y"":104},{""x"":58,""y"":101},{""x"":56,""y"":94},{""x"":56,""y"":86},{""x"":56,""y"":76},{""x"":57,""y"":63},{""x"":58,""y"":58},{""x"":58,""y"":55},{""x"":58,""y"":54},{""x"":58,""y"":54}],""time"":1705}"
